1 0.6332288401253919 0.7895114942528736 0.20846394984326025 0.4066091954022989
1 0.649294670846395 0.4288793103448276 0.18887147335423188 0.11637931034482754
1 0.6500783699059562 0.1307471264367816 0.19827586206896555 0.2614942528735632
1 0.8961598746081505 0.40229885057471265 0.20611285266457685 0.1695402298850574
1 0.8894984326018812 0.6429597701149428 0.21786833855799434 0.11063218390804634
1 0.802115987460815 0.7938218390804598 0.04153605015673975 0.40086206896551724
1 0.4478840125391849 0.8010057471264368 0.07288401253918493 0.3979885057471264
1 0.436128526645768 0.27945402298850575 0.039968652037617576 0.4410919540229885
1 0.38910658307210033 0.3426724137931034 0.04780564263322887 0.28879310344827586
1 0.27927112926979425 0.20368496502189135 0.1772958422454779 0.16634652403323635
1 0.13793103448275862 0.639367816091954 0.27586206896551724 0.10057471264367827
1 0.31073667711598746 0.8182471264367817 0.08542319749216301 0.14224137931034492
1 0.12962159851077285 0.06870255947479116 0.14734577494833992 0.13740511894958232
1 0.8914576802507839 0.19396551724137928 0.20924764890282133 0.14655172413793102
1 0.8832288401253919 0.044540229885057465 0.20062695924764895 0.07758620689655171
1 0.22139498432601848 0.4533045977011494 0.21865203761755458 0.09913793103448269
1 0.04898119122257054 0.39798850574712646 0.08855799373040753 0.18390804597701152
1 0.019984326018808778 0.10344827586206896 0.039968652037617555 0.1293103448275862
1 0.09286833855799374 0.9216954022988506 0.18260188087774296 0.15660919540229884
1 0.21824276526274894 0.7517488038631578 0.08860467363275909 0.13159898253286684
1 0.32092476489028215 0.9683908045977012 0.1857366771159875 0.06321839080459768
