0 0.3871917556128082 0.6417004048582996 0.13691571586308435 0.12820512820512817
0 0.25101214574898784 0.4547908232118758 0.05005520794994478 0.06207827260458842
0 0.4287817445712183 0.47368421052631576 0.0846521899153479 0.07287449392712553
0 0.5358851674641149 0.39068825910931176 0.03238866396761132 0.041835357624831315
2 0.23042064933436207 0.4072021756505875 0.021908848625234397 0.04085874355683089
0 0.6651979729144452 0.340720152236083 0.017375983392427373 0.0270083220121424
0 0.572085366257199 0.33102485715480107 0.016242767084225562 0.015927984776391638
0 0.7239363515562376 0.32721599123001177 0.012465379390219482 0.019390590162563795
0 0.7832413383521307 0.33102485715480107 0.007932514157412527 0.014542942621922777
0 0.8467014516114304 0.30540157729712747 0.010198946773816147 0.01315790046745402
0 0.678418829843466 0.3040165351426586 0.010576685543216512 0.010387816158516295
0 0.6049486391950506 0.29224367682967345 0.016242767084225562 0.015927984776391676
0 0.5554648604035729 0.3019389719109553 0.007177036618611367 0.01038781615851633
0 0.5462102605532583 0.28185586067115714 0.008310252926813035 0.011772858312985121
0 0.5010704776098873 0.3085179221446824 0.009443469235014774 0.01108033723575069
0 0.482372408524558 0.2929361979069079 0.0067992978492106455 0.01315790046745402
9 0.43194428280957875 0.31855947776458143 0.013976334467821943 0.014542942621922883
9 0.774553346655917 0.27804699474636785 0.030596840321448156 0.029085885243845658
2 0.0833972102280635 0.2858489827916527 0.00840883208841995 0.019437807508738844
9 0.9743966068440042 0.3096561901486665 0.04627082151267146 0.03483301168062757
