3 0.5937330422722015 0.6286856975111371 0.017708985013206727 0.04192883021724235
3 0.5920699082807843 0.5168179645850826 0.01725786530203436 0.03980010908014833
3 0.654843611182784 0.4535818746344899 0.01417977371938349 0.030591743855496106
3 0.6712818926516141 0.48256058161021237 0.01493477355849734 0.030703133730696806
3 0.5813800655342729 0.45070461205742895 0.014934773558497198 0.030703133730696806
3 0.5566321471319955 0.7297180096658156 0.02055906516295707 0.04363331611988002
3 0.3989021396384775 0.09831048551838277 0.01771654160643166 0.0141235548889723
3 0.3452532352321425 0.10491694320101486 0.015109550776023682 0.01038781615851633
3 0.3623096724648327 0.055652590269041353 0.01572116477658682 0.013401861726760078
3 0.2598443343697961 0.07688295593437677 0.015089661774828542 0.01267802789306998
3 0.27887371400929833 0.1382844128671702 0.02092539905110044 0.017498498166726398
3 0.29129438274767294 0.13162684848715653 0.01846785308815093 0.015328698695271007
3 0.32507995340028023 0.1677915005964032 0.019601532479423582 0.016276183853625403
3 0.3398002834308575 0.15939309351350078 0.017068384541959317 0.013830833645238752
3 0.3858680447493045 0.1616104297650815 0.01978613985929357 0.016014308170809954
3 0.40386369674744543 0.1814458763793464 0.019759727770909875 0.01652206077905568
3 0.4633713046401824 0.2155735104653727 0.021572260457606234 0.017558174037651426
3 0.4726413927564376 0.18991022313347053 0.019968572797693866 0.015351874735030791
3 0.22273500215506098 0.13222366982632122 0.019148203346377884 0.017706887456781218
3 0.24078463251764126 0.11614910492288075 0.017142600567397893 0.016232861957803237
3 0.18072009062753608 0.09426241877836306 0.01574083310528195 0.012742640115209411
3 0.1580784004600328 0.11101792246830905 0.016308989873134328 0.013515374892997372
3 0.14472215272301495 0.09277047442412165 0.019684748180836886 0.014157985770546127
3 0.12161635901194423 0.07582069957072825 0.014415252614469179 0.012396249224291384
3 0.0977989929854324 0.09045252589563672 0.018361132021206216 0.017446779241349297
3 0.07604097556520543 0.07110160465314101 0.017115521885481176 0.014394851876697654
3 0.054767221590998984 0.0538034976103801 0.016714304249623453 0.013158070177777769
3 0.031837122489304946 0.07016318617092475 0.016972165222319216 0.015441868635739047
3 0.18645304102331756 0.04375333154872441 0.01762480984027974 0.013992568630468622
3 0.14048293020677044 0.029762710281250108 0.01529600404777188 0.009261184844425339
3 0.08093753761440847 0.014883973487720525 0.013403408383394258 0.011442483766290663
4 0.159062071456528 0.027698589406276702 0.02471952815295296 0.022735900014199676
3 0.1422779725289936 0.04021114137923701 0.013580450114235525 0.010612542334819447
3 0.19844495626022582 0.2414228780257717 0.022315723256136337 0.019169044429968096
10 0.10202753456312484 0.3191780918421125 0.03560835584543749 0.12079121908048104
10 0.08285743875502316 0.22851850437013188 0.06497968848430866 0.04067946544211367
10 0.08743819089395295 0.4354753851697273 0.06120390769698968 0.05144760296625066
10 0.01780417792271875 0.4333238393226967 0.0356083558454375 0.034790998375931394
10 0.04019266513092803 0.32015536707739256 0.031343882091493004 0.07740019863409543
10 0.019362719357877322 0.2647384332530083 0.039137911504767725 0.044796134552502025
10 0.08307299700874968 0.5402557944664167 0.038402874934991456 0.1162946743483046
1 0.09339057938385947 0.7597901525618715 0.16651133876860233 0.24449544689191327
1 0.1342519054220519 0.4702851253372859 0.04860194932292517 0.30289365950935176
3 0.4921686896514569 0.9498858823737245 0.02183949975015963 0.04901489271524298
3 0.6679198031186592 0.2899197733689398 0.04538908466346271 0.0171129398552047
3 0.623709680639501 0.2585099342774018 0.04493686079636717 0.017456064281125238
3 0.5560566324440593 0.25040204752018275 0.0324418795315178 0.013627068156670745
3 0.5464490313629696 0.2298626588861169 0.03230187202193051 0.01477342530463119
3 0.5602951031321255 0.22210719559695258 0.035827808599370174 0.015403733694451489
3 0.7284775661851424 0.29814716679070974 0.04361715302110355 0.016796183340775813
3 0.82244191594741 0.3496640332715928 0.04565200040554686 0.01715993956561121
3 0.8195149343348893 0.31681956010655177 0.0570323346021263 0.020423402485116357
3 0.8893348889207493 0.3565070398535999 0.052643044500360926 0.020223907187260578
3 0.9591106642319006 0.3981406364575835 0.04995118023926693 0.017928475544357454
3 0.9846809763100403 0.3771005618348955 0.03063804737991944 0.014475994364506164
3 0.8615602447357108 0.27023633807970876 0.040212339027015105 0.01618752723505267
3 0.8222043476989831 0.5832223300034751 0.029351064681488025 0.024967287491935792
3 0.7710227123198947 0.5181910655680007 0.027693198088952896 0.02728434723545874
3 0.7716668691061705 0.48855174462745127 0.03147895807076452 0.030962166921125345
3 0.824629503348096 0.5563039253448812 0.03820654802264272 0.030938450127403455
3 0.8888943906857375 0.6237752367660521 0.03509715548024616 0.02419403782841954
3 0.46355082025367567 0.20139577386783114 0.018127635264084462 0.014827253041522824
3 0.5263440878706781 0.1353061986954641 0.02597341066661073 0.020855135643559564
3 0.6328449787458692 0.14881875023044286 0.016022859054744886 0.011504273506580951
3 0.6586368748534984 0.07333873957178134 0.016022859054744744 0.011504273506580969
3 0.6629622238901814 0.03897624444702106 0.016022859054744744 0.011504273506580969
3 0.7115022519685142 0.16614684606258695 0.016022859054744744 0.011504273506580986
3 0.7675679957028321 0.16102032002682365 0.01754414834881885 0.016470410343165244
3 0.7859295665152429 0.06187524536007003 0.015014671485034513 0.009276604187832832
3 0.8571611511313191 0.1002871892003257 0.018196868753904027 0.01845246863195552
3 0.9130018573061613 0.1494823617617053 0.020839168623731724 0.019996125633697803
3 0.9838484337344069 0.052801109218082544 0.013868473108296656 0.016361585081453623
3 0.9930657634458514 0.05603177115288908 0.013868473108296656 0.016361585081453606
4 0.8351561422686324 0.07489261757960575 0.009932282973124273 0.013510040818281822
4 0.843566543173294 0.014391130436865423 0.011053669760412247 0.013510040818281825
3 0.56958973567654 0.09521885221084336 0.016389277992123964 0.014037615826831704
3 0.5549886960855733 0.10212100044551221 0.016022859054744886 0.011504273506580951
3 0.5569110734352103 0.08097484959950586 0.016022859054744886 0.01150427350658096
3 0.5618772149217726 0.056598036818693014 0.016022859054744886 0.011504273506580969
3 0.5716492997824271 0.07069547071603058 0.016022859054744886 0.011504273506580969
3 0.5759746488191103 0.05072410602813573 0.016022859054744886 0.011504273506580969
3 0.569485101169598 0.028368077476701378 0.01647758690131866 0.012675710819106154
3 0.5913944509086528 0.004362594219542892 0.015620896244911649 0.008725188439085773
3 0.5559545150473629 0.12771608188081474 0.013770824906226409 0.010386242220531727
3 0.8949819189595878 0.6578440353512844 0.03509715548024616 0.02419403782841954
3 0.7313897213373193 0.43972066175532754 0.012826857336635555 0.012682111894972507
3 0.7285061553128637 0.4599857229827502 0.012826857336635555 0.012682111894972507
