0 0.8527788001472213 0.48852901484480427 0.07876334192123664 0.10796221322537114
0 0.4350386455649614 0.4136302294197031 0.10599926389400074 0.07962213225371123
0 0.08428413691571586 0.41228070175438597 0.12440191387559808 0.07692307692307693
0 0.2944423997055576 0.32523616734143046 0.022083179977916815 0.010796221322537108
0 0.3790945896209054 0.32523616734143046 0.013249907986750102 0.016194331983805627
0 0.4147957305852043 0.34345479082321184 0.01987486198012519 0.020242914979757103
0 0.4707397865292602 0.3164642375168691 0.016930437983069525 0.017543859649122844
0 0.5723224144276776 0.3502024291497976 0.01398601398601393 0.020242914979757175
0 0.7004048582995952 0.34547908232118757 0.01545822598454194 0.016194331983805627
0 0.8814869341185131 0.3609986504723347 0.025763709974236236 0.022941970310391326
