3 0.31347962382445144 0.08189655172413794 0.10815047021943577 0.0660919540229885
3 0.12774294670846395 0.11925287356321838 0.10815047021943576 0.07758620689655173
3 0.25940438871473354 0.3031609195402299 0.10815047021943577 0.05459770114942529
3 0.09051724137931036 0.32974137931034486 0.12931034482758622 0.061781609195402216
3 0.24294670846394986 0.5524425287356322 0.1567398119122257 0.08764367816091954
3 0.42829153605015674 0.5337643678160919 0.10423197492163006 0.08189655172413794
3 0.6265673981191223 0.5193965517241379 0.14341692789968655 0.09626436781609193
3 0.6140282131661442 0.7564655172413792 0.1057993730407523 0.07040229885057471
3 0.4322100313479623 0.7119252873563218 0.10423197492163006 0.09339080459770116
3 0.457680250783699 0.8972701149425287 0.10501567398119128 0.10775862068965524
3 0.6246081504702196 0.9116379310344827 0.10501567398119128 0.10775862068965524
3 0.7695924764890283 0.9288793103448276 0.10501567398119128 0.10775862068965524
3 0.8095611285266459 0.747844827586207 0.10501567398119128 0.10775862068965524
3 0.2621473354231975 0.7119252873563218 0.10423197492163006 0.09339080459770117
3 0.05211598746081502 0.5754310344827587 0.10423197492163006 0.09339080459770117
3 0.05211598746081503 0.7334770114942529 0.10423197492163006 0.09339080459770117
3 0.131269592476489 0.8785919540229885 0.10423197492163006 0.09339080459770117
3 0.2880094043887147 0.8843390804597702 0.10423197492163006 0.09339080459770117
3 0.9263322884012539 0.9432471264367817 0.10501567398119128 0.10775862068965524
7 0.6348898046645749 0.6638839756407567 0.031046066152957862 0.03925364686006162
7 0.6215078795986448 0.612363564136926 0.01819941808966469 0.034346941002553776
7 0.4049883320318965 0.3900897887918277 0.01766414108702769 0.03532828217405538
7 0.34584022324048563 0.3861644241058216 0.01926997209493926 0.031402917488049124
7 0.304623894037421 0.38076704766256314 0.03211662015823211 0.05004839974657834
7 0.25163147077633796 0.2296405072513263 0.02890495814240893 0.03630962334555687
7 0.7195148506181057 0.7747822011403969 0.031046066152957793 0.04219767037456606
7 0.8335288521798299 0.861630894818283 0.025693296126585777 0.04317901154606773
7 0.6467171782594463 0.8380787067022462 0.022481634110762413 0.029440235145046217
7 0.60389501804847 0.8292466361587323 0.024622742121311204 0.02747755280204302
7 0.5506349562860684 0.8243399303012245 0.027299127134497354 0.03729096451705843
7 0.3128694080414448 0.7801795775836554 0.01552303307647886 0.025514870459039968
7 0.10732303902875909 0.8017690833566894 0.030510789150320523 0.029440235145046217
3 0.9600313479623821 0.7823275862068967 0.07993730407523517 0.10775862068965517
7 0.9844769669235209 0.7072534655082131 0.031046066152957793 0.04219767037456606
7 0.12140272465266577 0.40153320251552677 0.03406308198600378 0.03081897893971771
3 0.028996865203761754 0.8958333333333333 0.05642633228840126 0.0790229885057471
