3 0.505218953048704 0.4509006390812705 0.0170302678431397 0.014603912478391337
3 0.4578363530012586 0.4252178964468581 0.02005176697659996 0.01460391247839134
3 0.4428661982036601 0.4458648071921701 0.0170302678431397 0.014603912478391337
3 0.37392108161288445 0.44385047443652986 0.01648090436432874 0.01460391247839134
3 0.3788653529221831 0.4226999805023079 0.01593154088551778 0.01460391247839135
3 0.3437060902782816 0.4226999805023079 0.01593154088551778 0.01460391247839135
3 0.48805134433586117 0.5148557040728462 0.019502403497789023 0.014603912478391353
3 0.5347472400347928 0.4307573115248684 0.01400876870967925 0.014603912478391354
3 0.5515028261385271 0.41111756715737663 0.01400876870967925 0.014603912478391354
3 0.5650995722390985 0.45341855502582035 0.01538217740670664 0.014603912478391348
3 0.6116581270683272 0.41590160745202176 0.018403676540166912 0.012085996533841284
3 0.6093233322833809 0.4405771837086141 0.014832813927895134 0.012085996533841271
3 0.6128941948956522 0.4602169280761059 0.014832813927895134 0.012085996533841271
3 0.6503316008750094 0.4441693665017092 0.015649342296264877 0.013103376079938016
3 0.6645343619038825 0.42748402079695297 0.014832813927895134 0.012085996533841271
3 0.6661824523403155 0.4667635095319366 0.014832813927895134 0.012085996533841271
3 0.5994347896647834 0.505287623483555 0.01538217740670664 0.014603912478391348
12 0.44520099298860666 0.5344954484403379 0.06125402788742203 0.020646910745311754
3 0.3332681841808734 0.5838466009535228 0.01648090436432874 0.01460391247839134
3 0.2910268419851183 0.5096701739150722 0.017893271094148205 0.019307606538990853
3 0.6940059974404806 0.45121953114644975 0.015649342296264877 0.013103376079938016
3 0.7014224044044285 0.43309053634568806 0.015649342296264877 0.013103376079938016
3 0.7286158966055709 0.45978044535792056 0.015649342296264877 0.013103376079938016
3 0.7239463070356775 0.48193810566996265 0.015649342296264877 0.013103376079938016
3 0.7483929818427653 0.44014070099042873 0.015649342296264877 0.013103376079938016
3 0.7703675209952037 0.46380911086920096 0.015649342296264877 0.013103376079938016
3 0.7722902931710419 0.4879811039368832 0.015649342296264877 0.013103376079938016
3 0.8096470097301871 0.4728736082695821 0.015649342296264877 0.013103376079938016
3 0.8544201332532801 0.5071172651154652 0.015649342296264877 0.013103376079938016
3 0.8890300324183704 0.4945276853927141 0.015649342296264877 0.013103376079938016
3 0.9381980637719513 0.5106423474378355 0.015649342296264877 0.013103376079938016
3 0.9579751490091458 0.537835839638978 0.015649342296264877 0.013103376079938016
3 0.9735352354027931 0.5188710722315076 0.01700309736374777 0.01488055687942932
12 0.98157516694328 0.4980707956595525 0.03358833262512803 0.022985004638989465
3 0.8371151836707351 0.548411086606089 0.015649342296264877 0.013103376079938016
3 0.8288747314885708 0.5675472477846707 0.015649342296264877 0.013103376079938016
3 0.9112792533102148 0.5675472477846707 0.015649342296264877 0.013103376079938016
3 0.9507663839582926 0.373530637095129 0.01866288761896129 0.015189412472296908
3 0.8346430480160856 0.33841689683059967 0.015649342296264877 0.013103376079938016
3 0.7547106618490911 0.31726640289637775 0.015649342296264877 0.013103376079937945
3 0.626983653025543 0.276476164594664 0.01564934229626502 0.013103376079937945
3 0.4659644005148316 0.11440294432720777 0.01863553277743236 0.01912722552207299
3 0.43078020166981873 0.32903350736503945 0.015931540885518146 0.014603912478391353
4 0.3808673593800485 0.3386596945420062 0.009339179139786455 0.07805539428105707
4 0.7069145840543531 0.3887662218385556 0.009339179139786324 0.04129382149062373
12 0.34542070948766307 0.6244383244307773 0.03349553157395008 0.02456802853251844
3 0.459980672069236 0.7209812400176437 0.022006926331990116 0.02175463206248878
3 0.4801053094409627 0.7728716270938512 0.021702913026123836 0.021993483527058117
3 0.5335541308804131 0.6305745459607396 0.01945481614818604 0.018072257808465792
3 0.8502621764149312 0.7574775095660713 0.019454816148185897 0.018072257808465792
3 0.9694740513169094 0.7917211664119546 0.019454816148185897 0.018072257808465792
3 0.9067815625825143 0.9468196456574606 0.01772070012586454 0.01601905813833099
3 0.7469318133139156 0.951678180500232 0.016141503085659963 0.01782650670966092
3 0.7288028185131539 0.9456351822333114 0.016141503085659963 0.01782650670966092
3 0.4868948836138787 0.932217768926435 0.018217028657741708 0.019573200283370795
3 0.28658923365367606 0.9822137089767636 0.018646114421260053 0.01767245727231028
3 0.2653165799086078 0.8854214097507505 0.014890957057660827 0.01254756979406352
3 0.25405462859298317 0.8249914270815448 0.014890957057660827 0.01254756979406352
3 0.26559126164801333 0.8093803482253334 0.014890957057660827 0.01254756979406352
3 0.20708405115464623 0.9639803872207175 0.014890957057660827 0.01254756979406352
12 0.2612188951313124 0.7212932217719024 0.020626841369899472 0.10480127970315835
3 0.3706249007400187 0.40255665294590615 0.01593154088551778 0.01460391247839135
3 0.3384871372295775 0.401549486568086 0.01593154088551778 0.01460391247839135
3 0.12426939738399335 0.9586542569141843 0.017495947591659834 0.015886499841796818
3 0.12059930484027623 0.9068157003393282 0.018396214686390026 0.01888511506309726
3 0.14834216052022972 0.7894808173232875 0.018396214686390026 0.01888511506309726
3 0.15026493269606808 0.70840392390877 0.018396214686390026 0.01888511506309726
3 0.16674583706039686 0.6746638502517969 0.018396214686390026 0.01888511506309726
3 0.1109854439610845 0.8222137246024404 0.018396214686390026 0.01888511506309726
3 0.08811911775887399 0.8754631458205133 0.01747112751067335 0.018033105899882003
3 0.06779266904286849 0.9595615383684912 0.017471127510673357 0.018033105899882003
3 0.0312599977019397 0.8724416466870534 0.01747112751067335 0.018033105899882003
3 0.07108884991573429 0.7823002558721549 0.017471127510673357 0.018033105899882003
3 0.09855702385628229 0.7319419369811503 0.01747112751067334 0.018033105899882003
3 0.08976720819530697 0.7097842766691081 0.01747112751067334 0.018033105899882003
3 0.048564947284485 0.7188487740694889 0.017471127510673354 0.018033105899882003
3 0.004341187240202767 0.9504970409681099 0.017471127510673354 0.018033105899882003
3 0.14834216052022972 0.6520026067508448 0.018396214686390026 0.01888511506309726
3 0.13735489094401054 0.6575420218288552 0.018396214686390026 0.01888511506309726
3 0.11950057788265436 0.6711387679294263 0.018396214686390026 0.01888511506309726
3 0.11318289787632828 0.6404201934059134 0.018396214686390026 0.01888511506309726
3 0.11785248744622143 0.5527967185355653 0.018396214686390026 0.01888511506309726
3 0.09477922133616111 0.5774722947921574 0.018396214686390026 0.01888511506309726
3 0.17086606315147893 0.583515293059078 0.018396214686390026 0.01888511506309726
3 0.16949265445445152 0.5376892228682637 0.018396214686390026 0.01888511506309726
3 0.19311528404332276 0.4727269914988677 0.018396214686390026 0.01888511506309726
3 0.17223947184850627 0.46567682685412715 0.018396214686390026 0.01888511506309726
3 0.142299162253309 0.4802807393325185 0.018396214686390026 0.01888511506309726
3 0.07610086305658836 0.4878344871661692 0.018396214686390026 0.01888511506309726
3 0.10659053613059662 0.36596735544993797 0.018396214686390026 0.01888511506309726
3 0.1513636596536899 0.3780533519837791 0.018396214686390026 0.01888511506309726
3 0.16592179184218028 0.40575042737383177 0.018396214686390026 0.01888511506309726
3 0.19641146491618852 0.3997074291069112 0.018396214686390026 0.01888511506309726
3 0.2178366405898159 0.40575042737383177 0.018396214686390026 0.01888511506309726
3 0.1953127379585666 0.35287419253827684 0.018396214686390026 0.01888511506309726
3 0.21975941276565433 0.28992629392452096 0.018396214686390026 0.01888511506309733
3 0.24145927017868732 0.2884155443577908 0.018396214686390026 0.01888511506309733
3 0.19586210143737762 0.2662578840457488 0.018396214686390026 0.01888511506309733
3 0.1793811970730489 0.2974800417581716 0.018396214686390026 0.01888511506309733
3 0.1458700248655804 0.3513634429715466 0.018396214686390026 0.01888511506309726
3 0.24338204235452568 0.23302139357768578 0.018396214686390026 0.01888511506309733
3 0.26068699193707096 0.2143888155880141 0.018396214686390026 0.01888511506309733
3 0.22799986494781888 0.2073386509432734 0.018396214686390026 0.01888511506309733
3 0.1840507866429421 0.224460479366215 0.018396214686390026 0.01888511506309733
3 0.2082227797106243 0.180648741931041 0.018396214686390026 0.01888511506309733
3 0.19970764578905442 0.15194450016316835 0.018396214686390026 0.018885115063097296
3 0.18597355881878047 0.16956991177501993 0.018396214686390026 0.01888511506309733
3 0.25656676584598875 0.1312975894178565 0.018396214686390026 0.018885115063097296
3 0.27716789630139976 0.14489433551842773 0.018396214686390026 0.018885115063097296
3 0.2510731310578792 0.10913992910581445 0.018396214686390026 0.018885115063097296
3 0.23486690843295588 0.09856468213870348 0.018396214686390026 0.018885115063097296
3 0.15510449818025637 0.030882985724423127 0.016683560617042126 0.017298867799603067
3 0.10009887519734993 0.9867150317300231 0.016159922362320528 0.011860202817622394
3 0.046234816138439536 0.9904953378214602 0.01555768261263708 0.00902497324904516
4 0.04063523584272856 0.6967195191356591 0.03647401316258101 0.024006107176148532
3 0.05643739847017248 0.39212034681578045 0.01666384209616166 0.016007733453591015
3 0.05643739847017248 0.39212034681578045 0.01666384209616166 0.016007733453591015
3 0.05135439167937438 0.41657917788977117 0.015733019024584117 0.01502409355340461
3 0.04036712210315518 0.43521175587944283 0.015733019024584117 0.01502409355340461
3 0.007866509512292064 0.4140612619452211 0.015733019024584113 0.01502409355340461
