3 0.10605372673414111 0.24490962374037595 0.03380846643378802 0.0970322318699049
3 0.45423039648626107 0.4143950973731884 0.03634986895860997 0.09888650645380435
3 0.8658189391353059 0.07363391544507897 0.030861272954641483 0.08528551295183708
3 0.9280488637263852 0.5232674640157948 0.03250600979674674 0.08689402704653533
3 0.608499818928054 0.3739895143370697 0.03620979165409222 0.0840668166893116
3 0.9633428038519283 0.8172651207965353 0.03405514159448938 0.1050423000169837
3 0.6598651909931796 0.49267295063405797 0.03555576355776195 0.09689543350883152
3 0.5836493152745504 0.516543380073879 0.0356348057060297 0.10036050547724183
3 0.129652689183639 0.11070544201394786 0.04086537271349514 0.09849055746327276
3 0.7886698287434717 0.8436928907396493 0.04898907855246861 0.10649309937272988
3 0.9744996826525533 0.1531462904335796 0.05035250086763641 0.04680926557900249
3 0.30177500903002025 0.4747483847797781 0.035154039649097656 0.081549072265625
3 0.7367050045645219 0.4645663275234941 0.03468435481802269 0.09751440960427989
3 0.42041534320678414 0.9523639181385869 0.06700410571206543 0.08686311141304348
3 0.9691478336910763 0.03597920113715573 0.06049459283332327 0.03279671185258506
3 0.5212872116995112 0.935543557871943 0.031958373257182524 0.10207952969316123
3 0.7729996736932643 0.7319743501967279 0.030395448869809272 0.07906480872112771
3 0.9919532322756972 0.3915794372558594 0.01552957178370956 0.04237160060716712
3 0.15638631970798375 0.9285187652145608 0.029275802988064342 0.08694971056951992
3 0.8014941618443687 0.05498930094898611 0.023418991995111056 0.09468950395998749
3 0.9868518602784735 0.3369221673495527 0.026125345639938437 0.04421026257501133
3 0.22015222450893662 0.48602027340211734 0.03647755356240192 0.09341665074445199
3 0.9800887759442146 0.22009142447209012 0.0398224481115705 0.051297173983808876
3 0.9844927380247315 0.2775887309641078 0.030674778281174552 0.046345542133718304
3 0.5096220406053839 0.5348879385685575 0.03127558112777644 0.10444986094599183
3 0.9950393242055469 0.44804163393766977 0.009902961469398841 0.04479162243829257
3 0.5076937599495261 0.8154525535694067 0.026909637082780057 0.08682905556499093
3 0.815334377169091 0.43807291224382927 0.029709473835103816 0.10472451914911683
3 0.8883763952913749 0.7010944090027739 0.03396030280510623 0.088497217150702
3 0.17945400589851296 0.21320492288340692 0.028238573723631397 0.09862597921620245
3 0.5300199249871741 0.38782993261364923 0.03399696515873974 0.10416757334833558
3 0.9721496375731833 0.09247551793637485 0.05548216535640995 0.04216933872388757
3 0.8923154468987657 0.29045775040336275 0.02812762884400652 0.04717208198879076
3 0.7088292967806916 0.8703167016955391 0.030721284064159825 0.08941323100656703
3 0.6490474180937053 0.08238020853882326 0.05145087161679839 0.10285286060470751
3 0.5579599709846336 0.9222863238790758 0.03388621637625373 0.10836836220561595
3 0.5948098779933456 0.015524132528166841 0.032063468074752535 0.024472453283227013
3 0.8372909125931766 0.7002297221750453 0.023517603116700866 0.09885890794836955
3 0.4385157888606802 0.9518576801687049 0.028664184157713667 0.08324699954710145
3 0.6145550310180016 0.7823861384737318 0.03493845675775591 0.08455916694972826
3 0.4296837718748114 0.5586272308791894 0.03738384163938013 0.10168235889379529
3 0.7146845825400273 0.8721335423891134 0.052525932704110684 0.09641780042970736
3 0.9010539365701201 0.33436462844627485 0.04033737145778006 0.13266402534816576
3 0.40232541882318323 0.9545809980751812 0.029230505530239016 0.07803919695425725
3 0.19523995457231924 0.6108467601516737 0.048546943860099605 0.0965076366411914
3 0.15615447961644155 0.6242539682069321 0.04854694386009962 0.09650763664119147
3 0.11595227680468166 0.6376611762621907 0.04854694386009962 0.0965076366411914
3 0.07742516577674513 0.6535822358278099 0.04854694386009962 0.09650763664119147
3 0.04057314653263193 0.6627996913658001 0.04854694386009962 0.09650763664119147
3 0.6547572338297616 0.7614373758873907 0.03493845675775591 0.08455916694972826
3 0.6966345284253447 0.7480301678321324 0.03493845675775591 0.08455916694972826
3 0.7493031460723762 0.868781740375299 0.052525932704110684 0.09641780042970736
3 0.8249634840596439 0.8378272372154736 0.04898907855246847 0.10649309937272988
3 0.8640489590155217 0.8311236331878444 0.04898907855246847 0.10649309937272988
3 0.9455700924949236 0.6652094335040217 0.04898907855246847 0.10649309937272988
3 0.6012080072275972 0.9150222280396086 0.05792705700887666 0.11325892800883139
3 0.7635595560993207 0.3197374567278404 0.05010505332805024 0.10855483584822671
3 0.6920414405451706 0.07483865400774041 0.05145087161679839 0.1028528606047075
3 0.5753433796054789 0.10835667414588641 0.05145087161679847 0.10285286060470751
3 0.534582812865778 0.11589822867696928 0.05145087161679847 0.10285286060470751
3 0.4982891575496059 0.12846748622877402 0.05145087161679847 0.1028528606047075
3 0.4603204104496105 0.12679158522186673 0.05145087161679847 0.10285286060470751
3 0.41620966014226285 0.1552819023392908 0.05145087161679847 0.1028528606047075
3 0.3475308970055063 0.1712029619049101 0.05145087161679847 0.10285286060470751
3 0.3028617827702177 0.18796197197398315 0.05145087161679843 0.10285286060470751
3 0.26545139959816333 0.2055589325465098 0.05145087161679843 0.10285286060470751
3 0.22804101642610902 0.2114245860706854 0.05145087161679843 0.10285286060470751
3 0.4040056065527907 0.044032353260877975 0.047143865843732584 0.08158840200240963
3 0.4429179725765317 0.03766419811372794 0.04456419226769441 0.06885209170810999
3 0.48383575394905337 0.03017016686753699 0.041528437965688385 0.05386402921572803
