12 0.4749064496966123 0.4801965910961124 0.06614061603144548 0.02010807673317814
3 0.5299128414212566 0.5021326748050341 0.016618245234031406 0.012796048830204328
3 0.4242208017328161 0.5033513461221963 0.016618245234031406 0.012796048830204328
3 0.3846693780758211 0.455213829094285 0.016618245234031406 0.012796048830204328
3 0.3796839045056117 0.4801965910961124 0.016618245234031406 0.012796048830204328
3 0.36040674003413514 0.5003046678292905 0.016618245234031406 0.012796048830204328
3 0.32849970918479465 0.4777592484617877 0.016618245234031406 0.012796048830204328
3 0.43984195225280603 0.45765117172860953 0.016618245234031406 0.012796048830204328
12 0.5024927367851046 0.4588698430457708 0.02426263804168592 0.012796048830204219
3 0.5631493318893196 0.4606978500215153 0.016618245234031406 0.012796048830204328
3 0.5398837885616754 0.48324326938901807 0.016618245234031406 0.012796048830204328
3 0.6159953517335397 0.46374452831442114 0.016618245234031406 0.012796048830204328
3 0.6159953517335397 0.46374452831442114 0.016618245234031406 0.012796048830204328
3 0.6346077863956551 0.5051793530979397 0.016618245234031406 0.012796048830204328
12 0.6743253925049905 0.48568061202334273 0.052846019844220125 0.012796048830204293
3 0.693104009619446 0.5131007166594947 0.016618245234031406 0.012796048830204328
3 0.6811388730509433 0.4619165213386778 0.016618245234031406 0.012796048830204328
3 0.47208134800682694 0.5033513461221963 0.016618245234031406 0.012796048830204328
3 0.5162858803293507 0.5685502615903799 0.016618245234031406 0.012796048830204328
3 0.5784381175046288 0.5527075344672698 0.016618245234031406 0.012796048830204328
3 0.3846693780758211 0.5667222546146362 0.016618245234031406 0.012796048830204328
3 0.4803904706238427 0.6447172189130242 0.016618245234031406 0.012796048830204328
3 0.5588285881284716 0.6441078832544431 0.016618245234031406 0.012796048830204328
3 0.6871214413351949 0.6502012398402545 0.016618245234031406 0.012796048830204328
3 0.7060662409019909 0.5740342825176099 0.016618245234031406 0.012796048830204328
12 0.7869970951917231 0.4911646329505718 0.0588285881284731 0.012796048830204272
3 0.7329877981811217 0.4698378849002326 0.016618245234031406 0.012796048830204328
3 0.7472794890823886 0.5112727096837513 0.016618245234031406 0.012796048830204328
3 0.7845043584066188 0.5137100523180759 0.016618245234031406 0.012796048830204328
3 0.7951400353563989 0.4710565562173949 0.016618245234031406 0.012796048830204328
3 0.854300988389551 0.5161473949524003 0.016618245234031406 0.012796048830204328
3 0.8513097042474252 0.49238330426773513 0.016618245234031406 0.012796048830204328
3 0.8203997681121266 0.6038917297880867 0.016618245234031406 0.012796048830204328
3 0.8074375368295817 0.5563635484187565 0.016618245234031406 0.012796048830204328
3 0.8496478797240218 0.5813463104205838 0.016618245234031406 0.012796048830204328
3 0.894184776951226 0.5155380592938191 0.016618245234031406 0.012796048830204328
3 0.8921905875231423 0.4948206469020599 0.016618245234031406 0.012796048830204328
3 0.8785636264312363 0.4716658918759758 0.016618245234031406 0.012796048830204328
3 0.9250947130865244 0.4759312414860439 0.016618245234031406 0.012796048830204328
3 0.9284183621333304 0.5173660662695626 0.016618245234031406 0.012796048830204328
3 0.9264241727052465 0.5636755763217303 0.016618245234031406 0.012796048830204328
3 0.9407158636065137 0.398545612846237 0.016618245234031406 0.012796048830204328
3 0.8002597694889958 0.36602446288943674 0.019666455556569814 0.017150369539343728
3 0.8167437541606395 0.6611692816947152 0.016618245234031406 0.012796048830204328
3 0.7525973275572777 0.6514199111574167 0.016618245234031406 0.012796048830204328
3 0.8901963980950583 0.6703093165734328 0.016618245234031406 0.012796048830204328
3 0.9460249159383564 0.6309189828807966 0.018504335914081196 0.020413305412299465
3 0.9666315400285554 0.5212385643361884 0.018504335914081196 0.020413305412299396
3 0.9938854622123668 0.6010615356103198 0.018504335914081196 0.020413305412299396
3 0.9726141083128063 0.7582701355242581 0.018504335914081196 0.020413305412299396
3 0.915447344707738 0.8466238060185257 0.018504335914081196 0.020413305412299396
3 0.9689580943613193 0.8380931067983894 0.018504335914081196 0.020413305412299396
3 0.9741120145228364 0.9355868121713743 0.018504335914081196 0.020413305412299396
3 0.9396664353976374 0.9395294236504473 0.017243059640179012 0.019722139929749007
3 0.919392176212119 0.9431854376019342 0.017243059640179012 0.019722139929749007
3 0.9217187305448831 0.9827922554097094 0.017243059640179012 0.019722139929749007
3 0.9399988003023176 0.9901042833126832 0.017243059640179012 0.019722139929749007
3 0.8734705531058928 0.9923948057385265 0.015803067500867483 0.015210388522944526
3 0.9960480982317583 0.7351153804981742 0.018504335914081196 0.020413305412299396
12 0.994417501234445 0.39598781754428225 0.021562603386325065 0.02718053556364694
3 0.25238814601293 0.5606288980288247 0.016618245234031406 0.012796048830204328
3 0.2660151071048359 0.4954299825606408 0.016618245234031406 0.012796048830204328
3 0.28994538024184124 0.47471257016888146 0.016618245234031406 0.012796048830204328
3 0.2821348049818464 0.4552138290942816 0.031574665944659804 0.012796048830204293
3 0.23942591473038544 0.47105655621739445 0.016618245234031406 0.012796048830204328
3 0.22746077816188276 0.4509484794842162 0.016618245234031406 0.012796048830204328
3 0.20685415407168364 0.49360197558489705 0.016618245234031406 0.012796048830204328
3 0.2204811151635895 0.5417394926128081 0.016618245234031406 0.012796048830204328
3 0.17760604245978814 0.4728845631931374 0.016618245234031406 0.012796048830204328
3 0.13306914523258365 0.4692285492416505 0.016618245234031406 0.012796048830204328
3 0.13306914523258365 0.4692285492416505 0.016618245234031406 0.012796048830204328
3 0.10182684419260432 0.4680098779244882 0.016618245234031406 0.012796048830204328
3 0.10249157400196558 0.49238330426773447 0.016618245234031406 0.012796048830204328
3 0.1147890754751489 0.5374741430027399 0.016618245234031406 0.012796048830204328
3 0.07756420615091829 0.4893366259748285 0.016618245234031406 0.012796048830204328
3 0.05695758206071919 0.47227522753455603 0.016618245234031406 0.012796048830204328
3 0.03668332287520072 0.4868992833405038 0.016618245234031406 0.012796048830204328
3 0.02405345649733676 0.46557253529016324 0.016618245234031406 0.012796048830204328
12 0.04632190511093899 0.44851113684988847 0.060490412651874666 0.012796048830204274
12 0.0860395112202744 0.5770809608105136 0.02559209766040847 0.012796048830204299
3 0.10813983101080142 0.7051634300983044 0.020868445548463052 0.02071228526488227
3 0.1579534405061427 0.3615779545286294 0.019578167513167752 0.01958804921791426
3 0.1828808083571901 0.3463445630641006 0.01957816751316777 0.01958804921791426
3 0.20619710803083943 0.3438231019026052 0.01983415062187504 0.01939805500758453
3 0.24884327052303745 0.31873843851706113 0.01538795134250087 0.01724272001771798
3 0.27034353463420113 0.30421628409483004 0.01983415062187504 0.01939805500758453
3 0.29360907796184527 0.28288953604448946 0.01983415062187504 0.01939805500758453
3 0.3205306352409763 0.2658281376042171 0.01983415062187504 0.01939805500758453
3 0.34555795249201554 0.24822232689368323 0.01808306597367846 0.018729200086531464
3 0.36777698722746016 0.2344768498943778 0.02263734688289233 0.020628056424733216
3 0.38750201950611185 0.20172679244174785 0.020360479815493732 0.02014303850658848
3 0.40777627869163025 0.1858840653186378 0.020360479815493732 0.02014303850658848
3 0.42505925373502307 0.16394798160971613 0.020360479815493732 0.0201430385065885
3 0.4453335129205415 0.15541728238957994 0.020360479815493732 0.0201430385065885
3 0.4586281091077668 0.12738784209484677 0.020360479815493732 0.020143038506588516
3 0.1174049221351058 0.36949931809018444 0.01957816751316777 0.01958804921791426
3 0.09513647352150353 0.37193666072450904 0.01957816751316777 0.01958804921791426
3 0.06962544156991464 0.399508226909997 0.01719922343255276 0.01485612609547843
3 0.04170678957674168 0.3995082269099971 0.01719922343255276 0.01485612609547843
3 0.04669226314695114 0.37757214320107546 0.01719922343255276 0.01485612609547843
3 0.023426719819307006 0.38000948583540006 0.01719922343255276 0.01485612609547843
3 0.47342770536893936 0.09671679298950099 0.02337047996338853 0.021770242176326685
3 0.4801510171378068 0.11427612710179941 0.021528317885814517 0.020774370832274656
3 0.49843108689524146 0.08685602246564741 0.021528317885814517 0.020774370832274656
3 0.49211615370630946 0.07466930929402428 0.021528317885814517 0.020774370832274656
3 0.5193700758901211 0.06796661704963154 0.021528317885814517 0.020774370832274645
3 0.516711156652676 0.04420252636496645 0.021528317885814517 0.020774370832274645
3 0.5406414297896813 0.039937176754898364 0.021528317885814517 0.020774370832274645
3 0.538314875456917 0.018610428704557896 0.021528317885814517 0.020774370832274645
3 0.5562625803096711 0.01694189385948736 0.021528317885814517 0.020774370832274652
3 0.6987219440932877 0.1872718506361023 0.018833747638694262 0.02007946157740605
3 0.20485801827286493 0.8782147571353527 0.020868445548463087 0.02071228526488227
3 0.23044107494411337 0.7609554675696496 0.020645682332748903 0.01901543805333091
3 0.3580009770709103 0.897711549801264 0.020971752870600966 0.020198390264290822
10 0.00650733659718892 0.9242139682208195 0.034700585380218064 0.14135455308305553
10 0.02054303986521601 0.9433605253985725 0.029068857448939108 0.11047391159320881
10 0.03721186747103027 0.9603567085078553 0.02286964172518826 0.07648154537464279
10 0.05320972456595343 0.9777293099310956 0.01653313056777552 0.04173634252816129
10 0.07043400729733655 0.9812694345504616 0.015241899703568613 0.034656093289427474
10 0.004754336312296426 0.8539859155693454 0.01230966151320553 0.018577653878936076
