10 0.46051504932394044 0.6129403643180155 0.05045299253052074 0.08512419150378721
10 0.5186456711525828 0.5452431726496492 0.05045299253052074 0.08512419150378721
10 0.576776292981225 0.6317079026023151 0.05045299253052074 0.08512419150378721
10 0.5917659501823214 0.4976540577144609 0.05045299253052074 0.08512419150378721
10 0.537291342305166 0.47084328873688996 0.05045299253052074 0.08512419150378721
10 0.4674614758317654 0.4822378655523575 0.05045299253052074 0.08512419150378721
10 0.4151804763255021 0.5150810575498818 0.05045299253052074 0.08512419150378721
10 0.3497378265938859 0.5418918265274526 0.05045299253052074 0.08512419150378721
10 0.3669210921658745 0.619643056562408 0.05045299253052074 0.08512419150378721
10 0.38666356750390385 0.7208537094527381 0.05045299253052074 0.08512419150378721
10 0.5124304474350545 0.7416320554103549 0.05045299253052074 0.08512419150378721
10 0.6509933761964093 0.7141510172083448 0.05045299253052074 0.08512419150378721
10 0.7003495645414829 0.6028863259514258 0.05045299253052074 0.08512419150378721
10 0.6531869845673013 0.5191026728965168 0.05045299253052074 0.08512419150378721
10 0.7244792566212965 0.5117297114276848 0.05045299253052074 0.08512419150378721
10 0.2689399182660245 0.7302374785948876 0.05045299253052074 0.08512419150378721
10 0.25833747780671235 0.8549075543405921 0.05045299253052074 0.08512419150378721
10 0.41006205679342034 0.859599438911667 0.05045299253052074 0.08512419150378721
10 0.12269936020654702 0.6431024794177823 0.05045299253052074 0.08512419150378721
10 0.03203021420967101 0.6833186328841384 0.05045299253052074 0.08512419150378721
10 0.1062472974248558 0.8113400547520393 0.05045299253052074 0.08512419150378721
10 0.12014015044050609 0.5204432113453955 0.03290412556338347 0.060994499423973565
10 0.19143242249450132 0.494972980816703 0.03290412556338347 0.060994499423973565
10 0.2594342819921583 0.44872440433039346 0.03290412556338347 0.060994499423973565
10 0.3150056940547598 0.4453730582081971 0.03290412556338347 0.060994499423973565
10 0.40859965121282554 0.40582717396628015 0.03290412556338347 0.060994499423973565
10 0.3786203368106325 0.3957731355996911 0.03290412556338347 0.060994499423973565
10 0.3581466586823057 0.36225967437772744 0.03290412556338347 0.060994499423973565
10 0.34023219032001956 0.33142729005352095 0.03290412556338347 0.060994499423973565
10 0.32158651916743614 0.30863813642258575 0.03290412556338347 0.060994499423973565
10 0.3069624633614883 0.4091785200884764 0.03290412556338347 0.060994499423973565
10 0.2908760019749458 0.3790164049887092 0.03290412556338347 0.060994499423973565
10 0.2784455545398902 0.33008675160464235 0.03290412556338347 0.060994499423973565
10 0.25979988338730675 0.311989482544782 0.03290412556338347 0.060994499423973565
10 0.24481022618621023 0.40649744319071934 0.03290412556338347 0.060994499423973565
10 0.20751888388104345 0.3401407899712316 0.03290412556338347 0.060994499423973565
10 0.22982056898511372 0.36829209739768104 0.03290412556338347 0.060994499423973565
10 0.19326042947024435 0.3160110978914178 0.03290412556338347 0.060994499423973565
10 0.1735179541322149 0.4554270965747863 0.03290412556338347 0.060994499423973565
10 0.16766833180983587 0.41655148155730864 0.03290412556338347 0.060994499423973565
10 0.1530442760038881 0.38303802033534495 0.03290412556338347 0.060994499423973565
10 0.14756025507665768 0.3555569821333347 0.03290412556338347 0.060994499423973565
10 0.12818338113377692 0.33745971307347444 0.03290412556338347 0.060994499423973565
10 0.10588169602970661 0.30327598262707167 0.03290412556338347 0.060994499423973565
10 0.08540801790137975 0.5010054038366568 0.03290412556338347 0.060994499423973565
10 0.0883328290625693 0.4560973657992256 0.03290412556338347 0.060994499423973565
10 0.07846159139355456 0.4299568660460941 0.03290412556338347 0.060994499423973565
10 0.06968715790998589 0.4011352893952055 0.03290412556338347 0.060994499423973565
10 0.055428703499186834 0.37834613576427034 0.03290412556338347 0.060994499423973565
10 0.017406158403723178 0.5727242108516586 0.03290412556338347 0.060994499423973565
10 0.016452062781691736 0.5271459035897881 0.03290412556338347 0.060994499423973565
10 0.8197310920870564 0.6196289178229537 0.07122280778891879 0.0811025761571514
10 0.8002664738093399 0.7510150911975395 0.07122280778891879 0.0811025761571514
10 0.838753332676643 0.536093264381087 0.07122280778891879 0.0811025761571514
10 0.9599648192242407 0.7721017609983989 0.07122280778891879 0.0811025761571514
10 0.9643885961055407 0.6561250770936715 0.07122280778891879 0.0811025761571514
10 0.76509744760301 0.45255761093921865 0.05839385483314787 0.08110257615715105
10 0.8509187191002144 0.4598568427933622 0.05839385483314787 0.08110257615715105
10 0.9486841881769262 0.47445530650164947 0.05839385483314787 0.08110257615715105
