3 0.508671263869515 0.5549440730220274 0.01974290781044772 0.036744727208504316
3 0.508671263869515 0.5549440730220274 0.01974290781044772 0.036744727208504316
3 0.5406859315908338 0.42700382898718525 0.017956454517092553 0.031245800664894005
3 0.5923535667730045 0.3754872687616876 0.017956454517092553 0.031245800664894005
3 0.597490115299887 0.4126013497843579 0.017956454517092553 0.031245800664894005
3 0.6050438631335379 0.48018221373608627 0.017956454517092553 0.031245800664894005
3 0.6295180061145661 0.4469457232680233 0.017956454517092553 0.031245800664894005
3 0.6545964489222864 0.4330971855729972 0.01795645451709248 0.031245800664894005
3 0.6669845953694734 0.4297735365261909 0.01795645451709248 0.031245800664894005
3 0.6391868033416389 0.5616116153828411 0.017956454517092553 0.031245800664894005
3 0.6132019107938805 0.5809995681558778 0.017956454517092553 0.031245800664894005
3 0.5899363674662365 0.6375016019515851 0.017956454517092553 0.031245800664894078
3 0.5651600745718625 0.6081427020381294 0.017956454517092553 0.031245800664894005
3 0.6074610624403062 0.6701841509118472 0.017956454517092553 0.031245800664894147
3 0.617129859667379 0.6707380924196482 0.017956454517092553 0.031245800664894147
3 0.6796841891146279 0.6692516502296252 0.01671177477728804 0.0312340827177438
3 0.6074610624403062 0.6701841509118472 0.017956454517092553 0.031245800664894147
3 0.5500525789045608 0.3306180066298024 0.017956454517092553 0.031245800664894005
3 0.6273113739474248 0.3201767353263043 0.016931020411147274 0.028089386307530474
3 0.666288712769063 0.2924796599362518 0.016931020411147416 0.028089386307530474
3 0.6883456564433229 0.28195477128803187 0.016931020411147416 0.028089386307530474
3 0.6962015541903197 0.30522031461567606 0.016931020411147416 0.028089386307530474
3 0.7339702933585734 0.2697680581164088 0.016931020411147416 0.028089386307530474
3 0.782314279493938 0.2542576958979794 0.016931020411147416 0.028089386307530474
3 0.7581422864262558 0.45090693116735237 0.016931020411147416 0.028089386307530474
3 0.704963901677355 0.457000287753164 0.016931020411147416 0.028089386307530474
3 0.6998273531504725 0.1772598263136333 0.016931020411147416 0.028089386307530474
3 0.6629650637222572 0.2243448544767226 0.016931020411147416 0.028089386307530474
3 0.6548070160619147 0.20938843376609423 0.016931020411147416 0.028089386307530474
3 0.5995135819195916 0.15621004901719332 0.016931020411147274 0.028089386307530457
3 0.682906958003095 0.13294450568954921 0.016931020411147416 0.028089386307530474
3 0.7285315949183451 0.12186567553352816 0.016931020411147416 0.028089386307530474
3 0.7125176495110055 0.08807524355766405 0.016931020411147416 0.028089386307530474
3 0.7581422864262557 0.05096116253499366 0.016931020411147416 0.028089386307530474
3 0.7820121295805919 0.031019268254155827 0.016931020411147416 0.028089386307530467
3 0.8288453661492262 0.06536364173782097 0.016931020411147416 0.028089386307530474
3 0.8034647734281599 0.1888925979774553 0.016931020411147416 0.028089386307530474
12 0.7975471294652665 0.1380053260968992 0.0403080572448593 0.10196595156071211
3 0.6401094973220571 0.008132456913884997 0.013089567422799818 0.016264913827769945
3 0.4113301892646536 0.5064771469992544 0.035856476461492835 0.009995633030263207
3 0.4308325927624427 0.5301455568780264 0.035856476461492835 0.009995633030263207
3 0.46926530451364856 0.4646042465949499 0.029313379352210803 0.009844641580722709
3 0.42559090794817733 0.46309349702821984 0.029313379352210803 0.009844641580722709
3 0.4409730853548842 0.42079250915977595 0.029313379352210803 0.009844641580722709
3 0.3885088731284376 0.46309349702821984 0.029313379352210803 0.009844641580722709
3 0.32945229915625945 0.4147495108928554 0.029313379352210803 0.009844641580722709
3 0.3269801635016101 0.45654691557238924 0.029313379352210803 0.009844641580722709
12 0.40129097953742365 0.4407329007735157 0.09901478100768529 0.011453102451039854
12 0.4942029718942074 0.4427430343256569 0.03905058833832328 0.010069341791454179
12 0.18246243651261496 0.43434932753409966 0.11314244973141613 0.011779118883869302
3 0.2706704069234867 0.45805766513911933 0.029313379352210803 0.009844641580722709
3 0.27286786083873055 0.4389215039605376 0.029313379352210803 0.009844641580722709
3 0.26984636170527027 0.4142459277039453 0.029313379352210803 0.009844641580722709
12 0.21136370235327256 0.411439837071223 0.047982499263100775 0.010275458582199234
3 0.2149100138241743 0.4560433323834791 0.029313379352210803 0.009844641580722709
3 0.16821411812524276 0.4127351781372151 0.029313379352210803 0.009844641580722709
3 0.1750811616103798 0.4978407370630129 0.029313379352210803 0.009844641580722709
3 0.22452387470336607 0.5386309753647267 0.029313379352210803 0.009844641580722709
3 0.29127153737889766 0.5033801521410235 0.029313379352210803 0.009844641580722709
3 0.34098893221128945 0.5461847231983774 0.029313379352210803 0.009844641580722709
3 0.4104834122808758 0.617693536023604 0.029313379352210803 0.009844641580722709
3 0.26297931822013315 0.6197078687792442 0.029313379352210803 0.009844641580722709
3 0.21216319643011938 0.5940251261448318 0.029313379352210803 0.009844641580722709
3 0.14514085201518234 0.5884857110668211 0.029313379352210803 0.009844641580722709
3 0.0668565562846206 0.5894928774446414 0.02931337935221082 0.009844641580722709
12 0.04509898124067187 0.5157846200514308 0.10055957067510601 0.011488750711675948
3 0.10723477197722626 0.4525182500611088 0.02931337935221082 0.009844641580722709
3 0.12096885894750024 0.432374922504707 0.02931337935221082 0.009844641580722709
3 0.11492586068057971 0.40921009581484485 0.02931337935221082 0.009844641580722709
3 0.0682299649816482 0.4313677561268869 0.02931337935221082 0.009844641580722709
3 0.03238703570053756 0.40902104834520536 0.05657370120205533 0.010473713019263612
3 0.029117103482042116 0.4489657390814652 0.026936180263602002 0.009789784266175588
3 0.0010760484212358002 0.40169126034105446 0.021347471541382782 0.008907299922624077
3 0.13641639249125284 0.684811834750661 0.026913563840057365 0.027226222494477953
3 0.025361334531547923 0.9333911151759274 0.026924992155328717 0.02721525418701276
3 0.5813662971967856 0.732628466336693 0.017956454517092553 0.031245800664894147
3 0.5992206102581418 0.7698936223160365 0.017956454517092553 0.031245800664894147
3 0.5761473441480814 0.8227698571515912 0.017956454517092553 0.031245800664894147
3 0.5808169337179746 0.8665815945867652 0.017956454517092553 0.031245800664894147
3 0.5635119841354294 0.950679987134743 0.017956454517092553 0.031245800664894147
3 0.512970544084821 0.9542050694571133 0.017956454517092553 0.031245800664894147
3 0.5286274032309334 0.9607516509129438 0.017956454517092553 0.031245800664894147
3 0.5327476293220156 0.778958119716417 0.017956454517092553 0.031245800664894147
3 0.5643360293536458 0.7668721231825759 0.017956454517092553 0.031245800664894147
3 0.5379665823707197 0.6918382280349789 0.017956454517092553 0.031245800664894147
3 0.5058288188602785 0.7960799481393585 0.017956454517092553 0.031245800664894147
3 0.5077515910361169 0.7336356327145127 0.017956454517092553 0.031245800664894147
3 0.4885238692777332 0.7079528900801003 0.017956454517092553 0.031245800664894147
3 0.4805580988349743 0.8978037522991875 0.017956454517092553 0.031245800664894147
3 0.45913292316134685 0.8565099308085635 0.017956454517092553 0.031245800664894147
3 0.6630939194014754 0.8140975782372288 0.015143233903376085 0.03112301428316073
3 0.7133606777126782 0.7999972489477473 0.015143233903376085 0.03112301428316073
3 0.709789815100407 0.7430923486009121 0.015143233903376085 0.03112301428316073
3 0.7141961033301935 0.9796246699272433 0.01719438265472519 0.031247054050040787
3 0.7253654408574925 0.6135559440123823 0.015251370962187422 0.031133909288981697
3 0.7344299382578735 0.6170810263347527 0.015251370962187422 0.031133909288981697
3 0.7344299382578735 0.5360041329202353 0.015251370962187422 0.031133909288981697
3 0.8276952269781681 0.5420584950445317 0.030435340582971832 0.011218866718335576
3 0.7906131921584284 0.5229223338659498 0.030435340582971832 0.011218866718335576
3 0.8026991886922695 0.48062134599750594 0.030435340582971832 0.011218866718335576
3 0.7983042808617821 0.43781677494015214 0.030435340582971832 0.011218866718335576
3 0.7809993312792368 0.4564493529298238 0.030435340582971832 0.011218866718335576
3 0.8362103608997383 0.45796010249655394 0.030435340582971832 0.011218866718335576
3 0.8455495400395248 0.4393275245068823 0.030435340582971832 0.011218866718335576
3 0.8721936687618562 0.4811249291864162 0.030435340582971832 0.011218866718335576
3 0.8867518009503467 0.4629959343856545 0.030435340582971832 0.011218866718335576
3 0.8864771192109413 0.43983110769579226 0.030435340582971832 0.011218866718335576
3 0.9743752758206949 0.49018942658679704 0.030435340582971832 0.011218866718335576
3 0.9372932410009553 0.4453705227738027 0.030435340582971832 0.011218866718335576
3 0.9751993210389115 0.47105326540821507 0.030435340582971832 0.011218866718335576
4 0.8321420206983788 0.3746049097686674 0.013981371822801805 0.062030977811177335
3 0.9180655192425715 0.4886786770200668 0.030435340582971832 0.011218866718335576
3 0.9367438775221444 0.46652101670802465 0.030435340582971832 0.011218866718335576
3 0.9281734586289901 0.8653509903875595 0.013821561013856752 0.03095333976421358
3 0.9312640008053132 0.20130906305541343 0.02262978443106448 0.027068092891638786
3 0.9048945538223871 0.13282174936364716 0.02262978443106448 0.02706809289163882
3 0.4853619213179014 0.513562289837987 0.03282497076109024 0.0099256766422792
3 0.4599261253738621 0.6101397881899533 0.029313379352210803 0.009844641580722709
3 0.0013109417956445734 0.4908144309104418 0.02689212551729359 0.007880706075998773
3 0.3303889324866279 0.2983007401140448 0.030194732216080808 0.02096289082363665
3 0.27794509580389315 0.20270829204451182 0.022055783650859268 0.0299315125852533
3 0.047974107359548865 0.11024269095511884 0.027989440889397702 0.026021605161004296
3 0.0639056482450667 0.08002769962051604 0.0279894408893977 0.026021605161004296
3 0.08560550565809956 0.06441662076430464 0.0279894408893977 0.026021605161004296
3 0.08313337000345024 0.04225896045226261 0.0279894408893977 0.026021605161004296
3 0.10263577350123933 0.03520879580752195 0.0279894408893977 0.026021605161004296
3 0.10263577350123936 0.018781752752001273 0.0279894408893977 0.026021605161004296
3 0.11971221710427674 0.014083621431425074 0.02204069239825623 0.020310372134855356
3 0.025724886467705002 0.12484660343351014 0.027989440889397702 0.026021605161004296
3 0.009768578751078599 0.15177267169012698 0.019537157502157204 0.01745627238614169
