1 0.6540301803459698 0.5607287449392712 0.19654030180345977 0.5465587044534412
1 0.6481413323518587 0.9669365721997301 0.18329039381670967 0.06612685560053976
1 0.8936326831063672 0.926450742240216 0.2119985277880015 0.147098515519568
1 0.8873757821126244 0.7165991902834008 0.1980125138019875 0.09176788124156544
1 0.8982333456017667 0.03846153846153846 0.20353330879646664 0.06882591093117409
1 0.6562384983437615 0.10323886639676115 0.21126242178873753 0.19838056680161945
1 0.4117689596364799 0.8093426655957576 0.11884670331752296 0.3735405543621846
1 0.13387416902406993 0.5803328657149011 0.14486159340421265 0.14323794385523264
1 0.2846415505922749 0.7594429438138138 0.1840384617524434 0.1743733527526848
1 0.19676827416184484 0.8493185438784205 0.13779168642993192 0.1665348355899991
1 0.0876488855763013 0.7795176569915696 0.13663430751275576 0.11860915125682708
6 0.2517016989435683 0.1837663235115029 0.08575410228643719 0.09084568833653357
1 0.2756727804284126 0.35020242914979755 0.10526532530290554 0.10391363022941967
1 0.13343938796636381 0.12915897556705594 0.09722469829819691 0.10805437030915228
1 0.012881854987118144 0.106612685560054 0.02576370997423629 0.213225371120108
1 0.08097165991902834 0.11336032388663966 0.044166359955833644 0.08636977058029689
1 0.8299373040752351 0.3994252873563218 0.06583072100313472 0.2442528735632184
1 0.9329937304075235 0.32974137931034486 0.1261755485893417 0.096264367816092
