10 0.45737735944205726 0.760936658753727 0.08133293568529049 0.11010827679277967
10 0.5843366070909601 0.7307642449606234 0.08133293568529056 0.11010827679277967
10 0.530870108757602 0.6597842149631797 0.07302853984919239 0.10680626012868195
10 0.3296344127335933 0.7867987277192442 0.08133293568529056 0.1101082767927798
10 0.3296344127335933 0.7853619461100487 0.08133293568529056 0.11010827679277967
10 0.41949192527038337 0.6684153059907189 0.07343664667336242 0.10610005402538406
10 0.3849488116690269 0.5905014358486358 0.06695050881775658 0.09395047466075837
10 0.48369489317372905 0.5847543094118541 0.06695050881775658 0.09395047466075837
10 0.5855757709166758 0.5660761484923139 0.06695050881775658 0.09395047466075837
10 0.6393049812018406 0.6101937174186476 0.0740954497642619 0.09597871596170172
10 0.7029134605956356 0.6599707481282838 0.08062275337943901 0.09783162795568728
10 0.779284216751937 0.7406906613803459 0.08681122369343598 0.09703720544642237
10 0.8788139973162002 0.6832193970125299 0.08681122369343598 0.09703720544642237
10 0.8035788875983318 0.6200010062079322 0.08681122369343598 0.09703720544642244
10 0.8865213328201168 0.563162434605847 0.07469536211291711 0.08106121166754023
10 0.9559435869146169 0.7435019202718723 0.086321073359656 0.1024867139918669
10 0.17409590654165627 0.7411690558724896 0.08180355582255386 0.10313245658187753
10 0.2567510034647304 0.5765360812841465 0.0658590090680444 0.0862592357201752
10 0.2995202751075994 0.6924358994276684 0.07122955669139759 0.09239334590744534
10 0.3571235651510809 0.5305316524968273 0.050687059003874 0.07030898997679785
10 0.448816355119733 0.521910962841655 0.050687059003874 0.07030898997679785
10 0.5028915902294508 0.46300291686464334 0.050687059003874 0.07030898997679785
10 0.5412928441479462 0.5104167099680916 0.050687059003874 0.07030898997679785
10 0.5859636905429305 0.45150866399108014 0.050687059003874 0.07030898997679785
10 0.6800299118704097 0.519314113522502 0.05546759902755099 0.07114531298496572
10 0.7367130829263915 0.5648262201993844 0.06381826715832346 0.0730890665686156
10 0.7628136869872185 0.48415399097633033 0.056935216411971794 0.06802504299490451
10 0.8215911164543032 0.5171999679878246 0.056935216411971794 0.06802504299490451
10 0.8294281070499144 0.4467976691372499 0.056935216411971794 0.06802504299490451
10 0.8889892355765602 0.47984364614874414 0.056935216411971794 0.06802504299490451
10 0.9501177622223281 0.5128896231602385 0.056935216411971794 0.06802504299490451
10 0.6566191964188698 0.8144588291568554 0.09026219353256579 0.1001675636608033
10 0.5225271045967234 0.8271921815162072 0.07903730310371244 0.06733196599590315
