12 0.7343260188087772 0.29166666666666663 0.13636363636363624 0.11781609195402297
13 0.5211598746081505 0.276580459770115 0.08150470219435739 0.10201149425287358
13 0.6144200626959249 0.29166666666666663 0.07053291536050153 0.10057471264367816
13 0.1351880877742947 0.9475574712643676 0.23746081504702204 0.10488505747126398
13 0.9525862068965517 0.7392241379310345 0.09482758620689652 0.5158045977011494
13 0.724921630094044 0.7033045977011494 0.21003134796238243 0.19971264367816083
5 0.6101097178683386 0.5158045977011494 0.18260188087774296 0.13505747126436782
13 0.3989028213166144 0.49281609195402304 0.1598746081504702 0.15229885057471265
13 0.3358150470219436 0.33979885057471265 0.05564263322884013 0.21120689655172412
11 0.28487460815047005 0.6487068965517241 0.15125391849529773 0.13936781609195428
13 0.4326018808777425 0.28735632183908044 0.08934169278996858 0.03160919540229863
