7 0.6368927125506073 0.3940620782726046 0.05313765182186238 0.08906882591093108
7 0.8751936647592339 0.155195681511471 0.05313765182186237 0.08906882591093108
7 0.9101039953375674 0.04858299595141704 0.05313765182186237 0.08906882591093108
7 0.8167568070520227 0.6572199730094468 0.05313765182186237 0.08906882591093108
7 0.9184521178671687 0.8475033738191634 0.05313765182186237 0.08906882591093108
7 0.588321817832925 0.9500674763832658 0.05313765182186237 0.08906882591093108
7 0.5731434132336495 0.6828609986504725 0.05313765182186237 0.08906882591093108
7 0.4471626550596623 0.5600539811066129 0.05313765182186237 0.08906882591093108
7 0.48207298563799617 0.3927125506072876 0.05313765182186237 0.08906882591093108
7 0.38948471758241526 0.31174089068825933 0.05313765182186237 0.08906882591093108
7 0.38417227597266873 0.07557354925775997 0.05313765182186237 0.08906882591093108
7 0.4851086665578513 0.04453441295546555 0.05313765182186237 0.08906882591093108
7 0.18685301618208644 0.26315789473684204 0.05313765182186237 0.08906882591093108
7 0.19064761733190533 0.14170040485829954 0.05313765182186237 0.08906882591093108
7 0.02656882591093118 0.26585695006747634 0.05313765182186237 0.08906882591093108
7 0.21705780363183955 0.6531713900134952 0.05313765182186237 0.08906882591093108
7 0.22464700593147732 0.901484480431849 0.05313765182186237 0.08906882591093108
7 0.039091009705333524 0.43724696356275317 0.07818201941066705 0.08906882591093111
7 0.03909100970533352 0.5856950067476384 0.07818201941066705 0.08906882591093111
7 0.036814249015442176 0.6761133603238867 0.07362849803088435 0.0890688259109311
