3 0.489533178963316 0.5569751462167644 0.013369125218616346 0.013760035312727936
3 0.5184673040984503 0.496792574814263 0.017938919241303496 0.01485356433719275
3 0.5163981537187694 0.4520221299837639 0.016098316080518343 0.012323764116550109
3 0.5257349256087887 0.47765702960222817 0.019371124573861778 0.012707097908619147
3 0.5593360351445209 0.48604201803169356 0.015964995607686775 0.013959247308710588
3 0.577223346856647 0.46824455076218235 0.014794199180481655 0.012539216006559002
3 0.6004819913359881 0.4973799652123753 0.014776577277275039 0.015136209962703618
3 0.6180644179072066 0.48150995254852197 0.014776401557418098 0.014190036416250678
3 0.6378835596786642 0.5090300231739779 0.01548003972681883 0.01505003862329623
3 0.6366314194420343 0.5327556294368593 0.019704047843797454 0.01775424875410465
3 0.6728705475083424 0.4970678201912019 0.017930351210125935 0.016042288680707627
3 0.4495841475191029 0.4829975468704121 0.018174449934387125 0.014807462332675101
3 0.41436116786565735 0.4529148791642592 0.018763684517356227 0.011180028691591418
3 0.4104911579339526 0.47484493544391937 0.01946732268675717 0.012900033105682383
3 0.4008747696188075 0.5178450457961942 0.018529138460889313 0.01118002869159156
3 0.40310295715524364 0.541280105938184 0.01829459240442226 0.012470032002159712
3 0.35924284459592326 0.46452490895937343 0.019701868743224153 0.009460024277500452
12 0.36276103544292754 0.4440998565420429 0.018763684517356227 0.00903002317397771
3 0.5753077352049085 0.5610770488332764 0.029106246791257888 0.01558513677531792
3 0.6024390618965532 0.5867370777312094 0.01617821622364076 0.012019289112700449
3 0.35216878112952044 0.3627674730517914 0.014148126932807203 0.010625677739166171
3 0.28102173476419423 0.41399977929545045 0.0171218621220876 0.007310018759886745
3 0.2578016751739659 0.4514098753019296 0.01618367789621985 0.012470032002159712
3 0.24138345122127908 0.41012976936374573 0.013838217331550204 0.007310018759886745
3 0.22602068452269364 0.4266848118493716 0.015010947613884973 0.011180028691591489
3 0.21370701655817861 0.5335400860747745 0.012900033105682454 0.008170020966932085
3 0.18732058520564632 0.42302980246942823 0.017825500291488508 0.011610029795114158
3 0.16808780857535613 0.33229956962612833 0.017825500291488508 0.011610029795114158
3 0.0894793205421428 0.34992961487056107 0.013369125218616364 0.012470032002159783
3 0.10484208724072826 0.44194985102442913 0.014072763388017223 0.010750027588068676
3 0.15655949269169153 0.44216485157619057 0.01524549367035199 0.008600022070454969
3 0.1368576239484674 0.4006697450862453 0.012900033105682471 0.012470032002159712
3 0.12747578168978926 0.48752996799784043 0.013838217331550258 0.010750027588068676
3 0.10707027477716431 0.5077400198634097 0.016183677896219776 0.0116100297951143
3 0.06461743855664571 0.48580996358374945 0.014307309444484169 0.007310018759886745
3 0.04655739220869028 0.44087484826562234 0.011961848879814631 0.012040030898637042
12 0.06485198461311267 0.39658473460277915 0.012430940992748534 0.01204003089863697
12 0.11434120252763985 0.42173979915885995 0.054649231156800177 0.016770043037387196
3 0.21296781927199382 0.23597932243703273 0.0131345791621494 0.015910040830341712
3 0.041496216727774725 0.11108695315160315 0.017118170279185368 0.03362300787637192
3 0.5067367549968533 0.32852084309137963 0.015714585783285953 0.018060046347955386
3 0.5763969337675385 0.3526009048886536 0.016183677896219776 0.015480039726818972
3 0.7089154556713672 0.40721104503604266 0.015245493670351919 0.016340041933864454
3 0.8535259877363874 0.4708512083574093 0.016652770009153814 0.01806004634795542
3 0.9763433487430249 0.5397299276744838 0.02049343911617882 0.0193516146209501
3 0.8161626435211093 0.5691484503470093 0.019220473116618564 0.01781451968326678
3 0.8110561995546866 0.5920043966440907 0.01784417935759649 0.018358379354387323
3 0.7176921763602396 0.5553770007760079 0.018070781467220343 0.015366599420537596
3 0.6989089612863559 0.6188953699276408 0.01710143620462077 0.016243779231259053
3 0.6831282777131458 0.5918965189990629 0.013134579162149435 0.010750027588068676
3 0.8930664010197854 0.6065370262523974 0.01523548276574445 0.015104553061110977
3 0.8987933766345094 0.631671621074917 0.013369125218616346 0.011180028691591347
12 0.9380798410927242 0.6267266083844055 0.010320026484546076 0.013330034209205194
12 0.979323184596806 0.6166935937271775 0.03901232015347574 0.026510514901746093
3 0.8171713489840099 0.6422066481112245 0.01430730944448399 0.014190036416250678
3 0.8053267731324286 0.6826267518423629 0.015480039726818972 0.015910040830341785
3 0.7712172621769215 0.6457409928833484 0.02010773136101079 0.01652386838110772
3 0.7169029098443871 0.683271753497647 0.00985093437161197 0.012900033105682525
3 0.9462134764147452 0.6491461889311211 0.01744054978357724 0.01772548295701398
3 0.6132335528859936 0.7791619995832196 0.014072763388017223 0.015480039726818972
3 0.4689877281588171 0.7365918903344677 0.015010947613885009 0.016340041933864596
4 0.05547014235443452 0.33561586129950505 0.010554572541012908 0.06321016221784405
3 0.31581626503275306 0.4558011697341132 0.01665277000915374 0.012900033105682454
3 0.2701970570499306 0.6570416861827593 0.014541855500951151 0.009460024277500452
3 0.14283854838837473 0.5972715327930973 0.01735640817855458 0.00602001544931845
3 0.12817941985919012 0.6794017435659423 0.009147296202211185 0.015480039726818972
3 0.17052690796679712 0.7678790232910475 0.0136469820949792 0.022288958945094067
3 0.07388200778709038 0.5774914820310508 0.01641822395268675 0.011180028691591418
3 0.034947362413576086 0.6202765918315643 0.010320026484545962 0.010750027588068605
3 0.5831048937499371 0.9443148570938041 0.018998230573823206 0.014190036416250678
3 0.41974356542070396 0.9501198719913612 0.006098197468140824 0.023220059590228315
3 0.4009798809033477 0.9430248537832359 0.0065672895810747174 0.027090069521933203
3 0.16341585708078696 0.9228759202135393 0.01409912127242471 0.022284738181895136
3 0.17270261761665967 0.9285511627632392 0.01409912127242471 0.022284738181895136
3 0.46729090427416703 0.46510161536369155 0.018174449934387125 0.014807462332675101
3 0.47213152672373626 0.4424430777263877 0.017259540363665452 0.013932152752542493
3 0.9842044245095019 0.7331592185072509 0.020325321932954523 0.018445391744118068
4 0.36345703812263497 0.3791856124459517 0.006468397905228708 0.0369995478698074
