3 0.5605253109668662 0.7219261402118429 0.014075653713224697 0.03539021505039358
3 0.595714445249928 0.620547920015403 0.016086461386542582 0.03612751119727662
3 0.5933014760419466 0.5058983691750655 0.013673492178561161 0.03981399193169281
3 0.6729294599053322 0.48599137320921915 0.013673492178561165 0.03981399193169281
3 0.6544300293108081 0.4587114157745408 0.013673492178561165 0.03981399193169281
3 0.5840517607446847 0.4491265658650591 0.013673492178561165 0.03981399193169281
3 0.49698378849002206 0.9368479670282943 0.014075653713224669 0.046449657253640544
10 0.08445392227934821 0.538083963977676 0.03378156891173929 0.09806038753546545
10 0.09048634529930165 0.4322819668999368 0.04423776881299193 0.036864807344159874
10 0.10154578750254965 0.3209502487205739 0.031770761238421485 0.11059442203247989
10 0.038004265025706696 0.3128399911048587 0.0357923765850571 0.0516107302818239
10 0.020108076733178146 0.43007007845928735 0.026542661287795158 0.028017253581561617
1 0.016689703688537866 0.5078548219554648 0.023727530545150217 0.02433077284714564
1 0.07098151086811885 0.75337443886757 0.12105062193373244 0.19095970204274848
1 0.14236518327090128 0.4872105298427353 0.04504209188231902 0.2809098319624988
10 0.08485608381401179 0.22841958228673245 0.04825938415962756 0.027279957434678367
10 0.027548065124454065 0.2645470934840092 0.03900966886236561 0.024330772847145566
3 0.1984667173564683 0.2407271919573644 0.014075653713224731 0.016957811378313536
3 0.24290556693679202 0.11538684698722061 0.015282138317215371 0.012534034497014375
3 0.22319965173827747 0.13123871414520938 0.01769510752519679 0.017695107525196752
3 0.2774914589178584 0.14008626790780776 0.013673492178561198 0.016220515231430373
3 0.29277359723507385 0.13197601029209255 0.0056302614852899065 0.014745922937663974
3 0.32554976231015414 0.16515433690183653 0.01085836143591628 0.010322146056364757
3 0.3388210929540519 0.15778137543300452 0.01005403836658907 0.014745922937663991
3 0.38466750790569804 0.16073056002053732 0.013271330643897628 0.011796738350131158
3 0.4031669385002219 0.17990025983950048 0.012467007574570416 0.011796738350131192
3 0.4598717148877843 0.21160399415547804 0.014879976782551835 0.011796738350131192
3 0.403971261569549 0.09621714716825744 0.021314561337168882 0.014008626790780774
3 0.34726648518198666 0.10359010863708942 0.017292945990533184 0.014008626790780791
3 0.36576591577651046 0.0556658590896815 0.010858361435916137 0.011059442203247984
3 0.2642201282739609 0.07557285505552787 0.01608646138654251 0.014008626790780774
3 0.19243429433651488 0.04423776881299192 0.015684299851878976 0.011796738350131184
3 0.18077160983127158 0.09253066643384145 0.013271330643897593 0.012534034497014393
3 0.15925596772677092 0.11317495854657102 0.012869169109234004 0.011059442203247975
3 0.1455824755482098 0.09326796258072463 0.0120648460399069 0.012534034497014393
3 0.12265926807238671 0.07557285505552787 0.011260522970579744 0.011059442203247984
3 0.09792633369057757 0.09142472221351663 0.018097269059860324 0.010322146056364794
3 0.07238907623944132 0.07078043010078708 0.011260522970579761 0.0073729614688319775
3 0.0554982917835717 0.05124208220838233 0.012064846039906891 0.011059442203247984
3 0.034183730446402855 0.06598800514604627 0.012869169109234023 0.006635665321948787
3 0.08385067997735288 0.016589163304871972 0.008445392227934825 0.005161073028182388
3 0.13733816408760674 0.02838590165500315 0.005228099950626319 0.003686480734415998
4 0.1443759909442191 0.041288584225459134 0.01367349217856118 0.01179673835013118
3 0.15583759468213065 0.028017253581561555 0.023727530545150196 0.023593476700262364
3 0.4703279147890369 0.1846926847942413 0.018097269059860394 0.009584849909481576
3 0.7635290176178251 0.5098402855697319 0.014477815247888373 0.016957811378313606
3 0.8146035325200975 0.5758282907157782 0.015282138317215583 0.013271330643897628
3 0.8162121786587516 0.5419126679591512 0.012869169109234094 0.016220515231430425
3 0.8922207087101651 0.3612751119727674 0.03458589198106608 0.019169699818963153
3 0.8312932362086355 0.3148254547191258 0.029357792030439925 0.005898369175065561
3 0.83068999390664 0.3465291890351034 0.020912399802505206 0.013271330643897556
3 0.8779439742296086 0.27574875893431633 0.02453185361447723 0.011796738350131158
3 0.7369863563300298 0.2963930510470459 0.02010807673317828 0.01622051523143039
3 0.6764610453631635 0.29307521838607153 0.017292945990533326 0.009584849909481542
3 0.6352394880601484 0.261371484070094 0.020108076733178208 0.015483219084547209
3 0.5646601387266932 0.2517866341606123 0.014879976782551693 0.008110257615715178
3 0.5503834042461367 0.226349917093142 0.007238907623944186 0.00884755376259843
3 0.5706925617466466 0.222663436358726 0.00764106915860765 0.013271330643897522
3 0.9672238349249197 0.40035180775757695 0.014879976782551978 0.008847553762598395
3 0.9869297501234342 0.37897021949796417 0.015684299851878903 0.020644292112729515
3 0.8853839626208847 0.6178541710881206 0.021716722871832416 0.028017253581561548
3 0.8867915279922071 0.6532443861385141 0.020510238267841742 0.026542661287795113
3 0.7685560368011195 0.48403492042882 0.016488622921206116 0.006635665321948778
3 0.5276612775376452 0.13934897176092456 0.026140499753131506 0.019169699818963153
3 0.6362448918968071 0.14819652552352294 0.010858361435916137 0.019169699818963187
3 0.6613799878132801 0.07336096661487827 0.012064846039906882 0.012534034497014384
3 0.6680156531352288 0.03354697468318554 0.010054038366588998 0.015483219084547173
3 0.7142642296215385 0.17142135415034374 0.01005403836658914 0.01695781137831357
3 0.767148471429797 0.15815002350644616 0.011260522970579813 0.021381588259612786
3 0.5725022886526325 0.10174686826988143 0.006434584554616976 0.01769510752519679
3 0.5735076924892915 0.07372961468831989 0.010858361435916208 0.011796738350131184
3 0.5821541654845581 0.046818305327083115 0.004021615346635627 0.012534034497014375
3 0.5753174193952775 0.02433077284714556 0.006434584554617047 0.011796738350131182
3 0.5662687848653474 0.057509099456889506 0.006032423019953441 0.017695107525196773
3 0.5624482502860435 0.08183987230403506 0.008043230693271255 0.011796738350131175
3 0.5586277157067397 0.10322146056364784 0.004423776881299233 0.010322146056364794
3 0.5594320387760667 0.1286581776311182 0.005228099950626444 0.011059442203247975
3 0.7908760019749472 0.0611955801913055 0.007238907623944044 0.014745922937663974
3 0.8612542705410707 0.09990362790267344 0.007238907623944044 0.02138158825961277
3 0.914540673883993 0.15114571011105574 0.01648862292120626 0.010322146056364794
3 0.9873319116580979 0.0527166745021487 0.009249715297261929 0.009584849909481585
