3 0.4543838981951881 0.5474376937905577 0.011709901851418323 0.060941854796629044
3 0.434552612801657 0.5439750884043856 0.0075547753880118055 0.04986151756087843
3 0.4166100212551288 0.5380886592478931 0.011709901851418465 0.04916899648364392
3 0.4349303515710575 0.4774930649898812 0.010576685543216583 0.05263160186981601
3 0.4521174655787846 0.4716066358333886 0.010198946773816005 0.05747924941045689
3 0.5108558442205768 0.5145429426219228 0.011332163082017814 0.0574792494104571
3 0.5106669748358766 0.7025624150910681 0.02002015477823136 0.0650969812600357
3 0.5389973825409211 0.6710527060769018 0.013976334467822014 0.06163437587386355
3 0.5384307743868202 0.7489613272657744 0.015865028314824982 0.06509698126003556
3 0.5554290190098469 0.7465375034954539 0.009821208004415424 0.057479249410456956
3 0.5561844965486482 0.6769391352333944 0.009821208004415424 0.0540166440242848
3 0.5745048268645769 0.6720914876927537 0.010198946773816076 0.07063714987791095
3 0.5890477694864998 0.67624661415616 0.006799297849210788 0.04986151756087807
3 0.5894255082559003 0.7427286375706647 0.011332163082017814 0.04709143325194063
3 0.5720495248634729 0.7427286375706647 0.012087640620818902 0.04570639109747205
3 0.606990361033028 0.7416898559548131 0.008687991696213686 0.051939080792581506
3 0.6037795814931229 0.6765928746947774 0.009065730465614265 0.04639891217470634
3 0.6037795814931229 0.6765928746947775 0.009065730465614265 0.04639891217470635
3 0.620679704460889 0.6784208816705208 0.010954424312617306 0.05332412294705051
3 0.9633593393681426 0.1385042154468843 0.015109550776023894 0.05817177048769144
3 0.9626038618293413 0.2219530052536321 0.01737598339242723 0.0713296709551454
3 0.961092906751739 0.32029099822091994 0.013598595698421576 0.0657895023372701
3 0.6389597742183237 0.6741555320604526 0.010954424312617306 0.05332412294705051
3 0.6542485598336324 0.6820768956220075 0.010954424312617306 0.05332412294705051
3 0.6708668050676638 0.6814675599634263 0.010954424312617306 0.05332412294705051
3 0.6864879555876535 0.6851235739149135 0.010954424312617306 0.05332412294705051
3 0.7044356604404075 0.6765928746947774 0.010954424312617306 0.05332412294705051
3 0.7193920811510358 0.686951580890657 0.010954424312617306 0.05332412294705051
3 0.7360103263850672 0.6820768956220077 0.010954424312617306 0.05332412294705051
3 0.7360103263850672 0.7448384684558669 0.010954424312617306 0.05332412294705051
3 0.7197244460557164 0.7478851467487724 0.010954424312617306 0.05332412294705051
3 0.7024414710123214 0.7451431362851566 0.010954424312617275 0.06368282914293055
3 0.6861555906829725 0.7454478041144477 0.010954424312617306 0.05332412294705051
3 0.6702020752583021 0.7448384684558664 0.010954424312617306 0.05332412294705051
3 0.6549132896429932 0.7472758110901911 0.010954424312617306 0.05332412294705051
3 0.6382950444089616 0.7442291327972853 0.010954424312617306 0.05332412294705051
3 0.6236709886030137 0.7448384684558664 0.010954424312617306 0.05332412294705051
3 0.7509667470956959 0.7448384684558669 0.010954424312617306 0.05332412294705051
3 0.7689144519484494 0.686951580890657 0.010954424312617306 0.05332412294705051
3 0.7682497221390884 0.7558065103103275 0.010954424312617306 0.05332412294705051
3 0.7818766832309939 0.7424011258215423 0.010954424312617306 0.05332412294705051
3 0.7838708726590775 0.682686231280589 0.010954424312617306 0.05332412294705051
3 0.8004891178931092 0.6851235739149136 0.010954424312617306 0.05332412294705051
3 0.7998243880837481 0.753369167676003 0.010954424312617306 0.05332412294705051
3 0.8157779035084184 0.6893889235249816 0.010954424312617306 0.05332412294705051
3 0.8157779035084181 0.7454478041144479 0.010954424312617306 0.05332412294705051
3 0.8317314189330881 0.6765928746947774 0.010954424312617306 0.05332412294705051
3 0.8323961487424495 0.7405731188457988 0.010954424312617306 0.05332412294705051
3 0.847020204548397 0.7393544475286364 0.010954424312617306 0.05332412294705051
3 0.8476849343577584 0.6741555320604526 0.010954424312617306 0.05332412294705051
3 0.8636384497824284 0.6656248328403163 0.010954424312617306 0.05332412294705051
3 0.8629737199730669 0.7387451118700551 0.010954424312617306 0.05332412294705051
3 0.8799243301117786 0.7430104614801231 0.010954424312617306 0.05332412294705051
3 0.8802566950164592 0.6772022103533579 0.010954424312617306 0.05332412294705051
3 0.8962102104411295 0.6753742033776143 0.010954424312617306 0.05332412294705051
3 0.9128284556751612 0.6753742033776143 0.010954424312617306 0.05332412294705051
3 0.9134931854845223 0.7521504963588399 0.010954424312617306 0.05332412294705051
3 0.8942160210130455 0.7430104614801225 0.010954424312617306 0.05332412294705051
3 0.7524883222275329 0.611180711312987 0.06861410304498633 0.014713742864945232
3 0.8041451318445959 0.5510697290270592 0.010954424312617306 0.05332412294705051
3 0.8187691876505437 0.5443670367826664 0.010954424312617306 0.05332412294705051
3 0.8350550679798946 0.5461950437584098 0.010954424312617306 0.05332412294705051
3 0.8496791237858425 0.5419296941483417 0.010954424312617306 0.05332412294705051
3 0.8653002743058323 0.5443670367826662 0.010954424312617306 0.05332412294705051
3 0.8825832493492252 0.5413203584897603 0.010954424312617306 0.05332412294705051
3 0.8995338594879374 0.5449763724412472 0.010954424312617306 0.05332412294705051
3 0.9144902801985657 0.5474137150755718 0.010954424312617306 0.05332412294705051
3 0.9138255503892043 0.47794944999732003 0.010954424312617306 0.05332412294705051
3 0.8985367647738951 0.4785587856559011 0.010954424312617306 0.05332412294705051
3 0.8825832493492248 0.47124675775292724 0.010954424312617306 0.05332412294705051
3 0.8672944637339157 0.47673077868015745 0.010954424312617306 0.05332412294705051
3 0.8493467588811617 0.47977745697306323 0.010954424312617306 0.05332412294705051
3 0.8347227030752137 0.4797774569730631 0.010954424312617306 0.05332412294705051
3 0.8207633770786273 0.4809961282902253 0.010954424312617306 0.05332412294705051
3 0.8048098616539571 0.4742934360458325 0.010954424312617306 0.05332412294705051
3 0.7838708726590775 0.480386792631644 0.010954424312617306 0.05332412294705051
3 0.7875268866105646 0.5419296941483407 0.010954424312617306 0.05332412294705051
3 0.7732351957092973 0.5522884003442203 0.010954424312617306 0.05332412294705051
3 0.7549551259518625 0.5492417220513144 0.010954424312617306 0.05332412294705051
3 0.7556198557612237 0.4749027717044133 0.010954424312617306 0.05332412294705051
3 0.7376721509084692 0.4840428065831307 0.010954424312617306 0.05332412294705051
3 0.7346808667663436 0.5492417220513144 0.010954424312617306 0.05332412294705051
3 0.7203891758650763 0.5474137150755709 0.010954424312617306 0.05332412294705051
3 0.7197244460557153 0.48587081355887407 0.010954424312617306 0.05332412294705051
3 0.7044356604404061 0.4809961282902247 0.010954424312617306 0.05332412294705051
3 0.7057651200591286 0.5455857080998271 0.010954424312617306 0.05332412294705051
3 0.6878174152063746 0.5492417220513139 0.010954424312617306 0.05332412294705051
3 0.6881497801110552 0.47612144302157516 0.010954424312617306 0.05332412294705051
3 0.670202075258301 0.4822147996073866 0.010954424312617306 0.05332412294705051
3 0.6698697103536204 0.5394923515140152 0.010954424312617306 0.05332412294705051
3 0.6552456545476724 0.5474137150755702 0.010954424312617306 0.05332412294705051
3 0.6572398439757561 0.4816054639488051 0.010954424312617306 0.05332412294705051
3 0.6389597742183215 0.4791681213144804 0.010954424312617306 0.05332412294705051
3 0.6372979496949184 0.5425390298069205 0.010954424312617306 0.05332412294705051
3 0.6220091640796093 0.5455857080998263 0.010954424312617306 0.05332412294705051
3 0.6213444342702479 0.48343347092454836 0.010954424312617306 0.05332412294705051
3 0.607052743368981 0.4864801492174541 0.010954424312617306 0.05332412294705051
3 0.6080498380830227 0.5431483654655015 0.010954424312617306 0.05332412294705051
3 0.5910992279443105 0.544976372441245 0.010954424312617306 0.05332412294705051
3 0.5894374034209072 0.46759074380143817 0.010954424312617306 0.05332412294705051
3 0.5731515230915564 0.4706374220943439 0.010954424312617306 0.05332412294705051
3 0.5744809827102787 0.5437577011240826 0.010954424312617306 0.05332412294705051
3 0.5585274672856085 0.47977745697306134 0.010954424312617306 0.05332412294705051
3 0.5575303725715665 0.5474137150755696 0.010954424312617306 0.05332412294705051
3 0.5412444922422156 0.5522884003442189 0.010954424312617306 0.05332412294705051
3 0.5405797624328543 0.48038679263164247 0.010954424312617306 0.05332412294705051
3 0.9603566370444926 0.49501084843759235 0.010954424312617306 0.05332412294705051
3 0.9590271774257698 0.5973792390792265 0.010954424312617306 0.05332412294705051
3 0.9576977178070476 0.772258573092018 0.010954424312617306 0.05332412294705051
3 0.9616860966632151 0.683295566939169 0.010954424312617306 0.05332412294705051
3 0.9576977178070476 0.852081544366149 0.010954424312617306 0.05332412294705051
3 0.9593595423304506 0.9398258792018354 0.010954424312617306 0.05332412294705051
3 0.9111666311517596 0.877064306367976 0.010954424312617306 0.05332412294705051
3 0.9108342662470786 0.9428725574947409 0.010954424312617306 0.05332412294705051
3 0.8942160210130473 0.8752362993922326 0.010954424312617306 0.05332412294705051
3 0.8938836561083664 0.9459192357876465 0.010954424312617306 0.05332412294705051
3 0.8775977757790159 0.941044550518997 0.010954424312617306 0.05332412294705051
3 0.878262505588377 0.8734082924164888 0.010954424312617306 0.05332412294705051
3 0.8613118954496648 0.8734082924164889 0.010954424312617306 0.05332412294705051
3 0.8629737199730676 0.9367792009089291 0.010954424312617306 0.05332412294705051
3 0.8440289204062716 0.941044550518997 0.010954424312617306 0.05332412294705051
3 0.8466878396437164 0.8764549707093946 0.010954424312617306 0.05332412294705051
3 0.8304019593143653 0.8740176280750699 0.010954424312617306 0.05332412294705051
3 0.8127866193662919 0.8795016490023001 0.010954424312617306 0.05332412294705051
3 0.8280754049816008 0.9325138512988604 0.010954424312617306 0.05332412294705051
3 0.8131189842709725 0.9434818931533212 0.010954424312617306 0.05332412294705051
3 0.7965007390369407 0.9288578373473733 0.010954424312617306 0.05332412294705051
3 0.7984949284650247 0.8746269637336503 0.010954424312617306 0.05332412294705051
3 0.7822090481356736 0.8727989567579066 0.010954424312617306 0.05332412294705051
3 0.7669202625203647 0.8734082924164878 0.010954424312617306 0.05332412294705051
3 0.7822090481356736 0.9404352148604148 0.010954424312617306 0.05332412294705051
3 0.7635966134735582 0.9373885365675089 0.010954424312617306 0.05332412294705051
3 0.746646003334846 0.9483565784219696 0.010954424312617306 0.05332412294705051
3 0.7479754629535688 0.8776736420265554 0.010954424312617306 0.05332412294705051
3 0.7343485018616627 0.8782829776851365 0.010954424312617306 0.05332412294705051
3 0.731689582624218 0.9410445505189954 0.010954424312617306 0.05332412294705051
3 0.7150713373901866 0.9459192357876445 0.010954424312617306 0.05332412294705051
3 0.7154037022948672 0.8825483272952042 0.010954424312617306 0.05332412294705051
3 0.7004472815842385 0.8703616141235812 0.010954424312617306 0.05332412294705051
3 0.6994501868701968 0.9398258792018328 0.010954424312617306 0.05332412294705051
3 0.6838290363502071 0.9379978722260894 0.010954424312617306 0.05332412294705051
3 0.6851584959689293 0.8703616141235812 0.010954424312617306 0.05332412294705051
3 0.6668784262114948 0.8758456350508116 0.010954424312617306 0.05332412294705051
3 0.6512572756915052 0.9355605295917645 0.010954424312617306 0.05332412294705051
3 0.6698697103536204 0.9379978722260894 0.010954424312617306 0.05332412294705051
3 0.6522543704055468 0.8770643063679738 0.010954424312617306 0.05332412294705051
3 0.6359684900761959 0.8727989567579058 0.010954424312617306 0.05332412294705051
3 0.6193502448421644 0.8734082924164868 0.010954424312617306 0.05332412294705051
3 0.6053909188455777 0.8813296559780419 0.010954424312617306 0.05332412294705051
3 0.5867784841834625 0.874626963733649 0.010954424312617306 0.05332412294705051
3 0.5694955091400695 0.878282977685136 0.010954424312617306 0.05332412294705051
3 0.551880169191996 0.8795016490022982 0.010954424312617306 0.05332412294705051
3 0.5362590186720062 0.942263221836157 0.010954424312617306 0.05332412294705051
3 0.6369655847902375 0.9367792009089267 0.010954424312617306 0.05332412294705051
3 0.6233386236983316 0.9428725574947384 0.010954424312617306 0.05332412294705051
3 0.6053909188455776 0.9447005644704818 0.010954424312617306 0.05332412294705051
3 0.5887726736115461 0.9483565784219686 0.010954424312617306 0.05332412294705051
3 0.5714896985681532 0.9453099001290627 0.010954424312617306 0.05332412294705051
3 0.551880169191996 0.9526219280320369 0.010954424312617306 0.05332412294705051
3 0.5382532081000901 0.8764549707093922 0.010954424312617306 0.05332412294705051
3 0.91698301698367 0.3387162520115259 0.0152751680734658 0.06490150046009263
3 0.8982043998692145 0.3402395911579788 0.010954424312617306 0.05332412294705051
3 0.8835803440632666 0.3347555702307484 0.010954424312617306 0.05332412294705051
3 0.8712828425900833 0.3390209198408165 0.010954424312617306 0.05332412294705051
3 0.8679591935432768 0.27199399739688934 0.010954424312617306 0.05332412294705051
3 0.8865716282053921 0.27382200437263277 0.010954424312617306 0.05332412294705051
3 0.8995338594879365 0.27443134003121394 0.010954424312617306 0.05332412294705051
3 0.9168168345313293 0.27382200437263277 0.010954424312617306 0.05332412294705051
3 0.891106553954285 0.41124635223673145 0.05400797326149473 0.015017687791441432
3 0.8520056781186065 0.2732126687140516 0.010954424312617306 0.05332412294705051
3 0.8503438535952031 0.3353649058893295 0.010954424312617306 0.05332412294705051
3 0.8357197977892551 0.3256155353520309 0.010954424312617306 0.05332412294705051
3 0.8367168925032967 0.2659006408110776 0.010954424312617306 0.05332412294705051
3 0.8214281068879876 0.2701659904211457 0.010954424312617306 0.05332412294705051
3 0.8200986472692654 0.33597424154791045 0.010954424312617306 0.05332412294705051
3 0.8031480371305532 0.3365835772064916 0.010954424312617306 0.05332412294705051
3 0.8044774967492756 0.26833798344540205 0.010954424312617306 0.05332412294705051
3 0.7881916164199245 0.2738220043726325 0.010954424312617306 0.05332412294705051
3 0.7885239813246051 0.3304902206206799 0.010954424312617306 0.05332412294705051
3 0.773452162457613 0.33256899284586566 0.010954424312617306 0.05332412294705051
3 0.7717903379342096 0.25883937815754576 0.010954424312617306 0.05332412294705051
3 0.7541749979861365 0.26127672079187036 0.010954424312617306 0.05332412294705051
3 0.7568339172235813 0.32342895796714827 0.010954424312617306 0.05332412294705051
3 0.7388862123708271 0.33135032152870336 0.010954424312617306 0.05332412294705051
3 0.7392185772755079 0.26432339908477614 0.010954424312617306 0.05332412294705051
3 0.7232650618508376 0.26676074171910075 0.010954424312617306 0.05332412294705051
3 0.7245945214695602 0.3203822796742425 0.010954424312617306 0.05332412294705051
3 0.706979181521487 0.3417090277245829 0.010954424312617306 0.05332412294705051
3 0.706979181521487 0.26432339908477603 0.010954424312617306 0.05332412294705051
3 0.6913580310014971 0.272244762646331 0.010954424312617306 0.05332412294705051
3 0.6910256660968165 0.330740985870122 0.010954424312617306 0.05332412294705051
3 0.6737426910534233 0.2740727696220745 0.010954424312617306 0.05332412294705051
3 0.6744074208627845 0.33866234943167695 0.010954424312617306 0.05332412294705051
3 0.657789175628753 0.3465837129932321 0.010954424312617306 0.05332412294705051
3 0.6418356602040827 0.3246476292843104 0.010954424312617306 0.05332412294705051
3 0.641503295299402 0.2710260913291687 0.010954424312617306 0.05332412294705051
3 0.6238879553513285 0.2643233990847759 0.010954424312617306 0.05332412294705051
3 0.6252174149700509 0.33683434245593347 0.010954424312617306 0.05332412294705051
3 0.6095962644500613 0.33074098587012185 0.010954424312617306 0.05332412294705051
3 0.6089315346407 0.2637140634261947 0.010954424312617306 0.05332412294705051
3 0.5926456543113491 0.26554207040193817 0.010954424312617306 0.05332412294705051
3 0.5750303143632756 0.2698074200120062 0.010954424312617306 0.05332412294705051
3 0.5597415287479666 0.27102609132916855 0.010954424312617306 0.05332412294705051
3 0.558412069129244 0.34353703470032604 0.010954424312617306 0.05332412294705051
3 0.5746979494585949 0.32952231455295944 0.010954424312617306 0.05332412294705051
3 0.5909838297879457 0.3337876641630275 0.010954424312617306 0.05332412294705051
3 0.5424585537045735 0.304539552551132 0.010954424312617306 0.05332412294705051
3 0.5437880133232934 0.23994997274152904 0.010954424312617258 0.04357475240975129
3 0.4899448987650306 0.25122268242528034 0.010954424312617249 0.08561891285185269
3 0.9623622446541004 0.029085885243845727 0.015109550776023894 0.05817177048769144
3 0.9191433888640935 0.13854948816761614 0.010954424312617306 0.05332412294705051
3 0.9011956840113396 0.13550280987471036 0.010954424312617306 0.05332412294705051
3 0.8865716282053916 0.13794015250903496 0.010954424312617306 0.05332412294705051
3 0.8712828425900827 0.1330654672403857 0.010954424312617306 0.05332412294705051
3 0.8536675026420093 0.13184679592322338 0.010954424312617306 0.05332412294705051
3 0.8360521626939359 0.13367480289896685 0.010954424312617306 0.05332412294705051
3 0.8200986472692656 0.1330654672403857 0.010954424312617306 0.05332412294705051
3 0.8210957419833074 0.06908522308936432 0.010954424312617306 0.05332412294705051
3 0.8350550679798937 0.06908522308936432 0.010954424312617306 0.05332412294705051
3 0.8546645973560507 0.0709132300651078 0.010954424312617306 0.05332412294705051
3 0.8689562882573176 0.06847588743078317 0.010954424312617306 0.05332412294705051
3 0.8869039931100718 0.06421053782071508 0.010954424312617306 0.05332412294705051
3 0.9045193330581452 0.06847588743078317 0.010954424312617306 0.05332412294705051
3 0.9214699431968572 0.06664788045503968 0.010954424312617306 0.05332412294705051
3 0.8024833073211917 0.13184679592322338 0.010954424312617306 0.05332412294705051
3 0.8044774967492754 0.07395990835801355 0.010954424312617306 0.05332412294705051
3 0.7861974269918406 0.07152256572368891 0.010954424312617306 0.05332412294705051
3 0.7861974269918406 0.12819078197173644 0.010954424312617306 0.05332412294705051
3 0.7712410062812123 0.14159616646052184 0.010954424312617306 0.05332412294705051
3 0.7689144519484478 0.06481987347929617 0.010954424312617306 0.05332412294705051
3 0.7572816802846256 0.07030389440652658 0.010954424312617306 0.05332412294705051
3 0.7576140451893062 0.1269721106545741 0.010954424312617306 0.05332412294705051
3 0.7409957999552745 0.12940945328889872 0.010954424312617306 0.05332412294705051
3 0.741328164859955 0.0684758874307831 0.010954424312617306 0.05332412294705051
3 0.7247099196259215 0.0684758874307831 0.010954424312617275 0.0703855213873229
3 0.7240451898165623 0.1403774951433595 0.010954424312617306 0.05332412294705051
3 0.7077593094872114 0.13123746026464217 0.010954424312617306 0.05332412294705051
3 0.7090887691059337 0.05933585255206578 0.010954424312617306 0.05332412294705051
3 0.6904763344438183 0.06299186650355271 0.010954424312617306 0.05332412294705051
3 0.692470523871902 0.13306546724038565 0.010954424312617306 0.05332412294705051
3 0.6745228190191477 0.13367480289896677 0.010954424312617306 0.05332412294705051
3 0.6768493733519122 0.07152256572368888 0.010954424312617306 0.05332412294705051
3 0.6598987632132 0.07639725099233813 0.010954424312617306 0.05332412294705051
3 0.6598987632132 0.14281483777768414 0.010954424312617306 0.05332412294705051
3 0.6412863285510846 0.13001878894747987 0.010954424312617306 0.05332412294705051
3 0.6426157881698071 0.0696945587479454 0.010954424312617306 0.05332412294705051
3 0.6246680833170529 0.0696945587479454 0.010954424312617306 0.05332412294705051
3 0.6250004482217334 0.13367480289896677 0.010954424312617306 0.05332412294705051
3 0.6083822029877018 0.12514410367883058 0.010954424312617306 0.05332412294705051
3 0.6080498380830212 0.0611638595278092 0.010954424312617306 0.05332412294705051
3 0.5930934173723927 0.060554523869228036 0.010954424312617306 0.05332412294705051
3 0.591099227944309 0.1245347680202494 0.010954424312617306 0.05332412294705051
3 0.5784693615664449 0.12514410367883058 0.010954424312617306 0.05332412294705051
3 0.5781369966617642 0.05750784557632225 0.010954424312617306 0.05332412294705051
3 0.5605216567136907 0.0678665517722019 0.010954424312617306 0.05332412294705051
3 0.54423577638434 0.06299186650355265 0.010954424312617306 0.05332412294705051
3 0.5429063167656174 0.1263627749959929 0.010954424312617306 0.05332412294705051
3 0.561186386523052 0.12209742538592477 0.010954424312617306 0.05332412294705051
3 0.7857138389853575 0.006044868641294559 0.053545723299134804 0.012089737282589108
3 0.862490131966583 0.0060448686412945506 0.053545723299134804 0.012089737282589108
3 0.4483826900143395 0.8115746784147384 0.053886956593134985 0.014145277161262584
3 0.4187241289461342 0.47598231542315117 0.010576685543216583 0.05263160186981601
3 0.4038913150182383 0.5404409636036371 0.010576685543216583 0.05263160186981601
3 0.40169386110299443 0.4800109809344316 0.010576685543216583 0.05263160186981601
3 0.3865863654356931 0.47598231542315084 0.01057668554321658 0.0677390975371168
3 0.38631168369628754 0.5434624627370975 0.010576685543216583 0.05263160186981601
3 0.3720282332472026 0.5424552963592774 0.010576685543216583 0.05263160186981601
3 0.35307519322822445 0.5459803786816478 0.010576685543216583 0.05263160186981601
3 0.3371436523427067 0.5349015485256268 0.010576685543216583 0.05263160186981601
3 0.32148679319659423 0.5409445467925473 0.010576685543216583 0.05263160186981601
3 0.32121211145718875 0.4830324800678919 0.010576685543216583 0.05263160186981601
3 0.30473120709286 0.4782484397732463 0.010576685543216583 0.07025701348166741
3 0.3036324801352381 0.5530305433263885 0.010576685543216583 0.05263160186981601
3 0.28825030272853125 0.5444696291149178 0.010576685543216583 0.05263160186981601
3 0.2877009392497203 0.483032480067892 0.010576685543216583 0.05263160186981601
3 0.270945353145986 0.47850023136770176 0.010576685543216583 0.05263160186981601
3 0.27149471662479674 0.5469875450594681 0.010576685543216578 0.0667319311592975
3 0.2550138122604682 0.4790038145566118 0.010576685543216583 0.05263160186981601
3 0.2388075896355449 0.48504681282353235 0.010576685543216583 0.05263160186981601
3 0.20557109916748184 0.4769894818009716 0.010576685543216583 0.05263160186981601
3 0.18963955828196405 0.4790038145566118 0.010576685543216583 0.05263160186981601
3 0.25473913052106245 0.5444696291149178 0.010576685543216578 0.0667319311592975
3 0.23990631659316652 0.5449732123038278 0.010576685543216578 0.0667319311592975
3 0.22177732179240484 0.47447156585642136 0.010576685543216578 0.0667319311592975
3 0.2223266852712161 0.5469875450594681 0.010576685543216583 0.05263160186981601
3 0.20639514438569823 0.5467357534650131 0.01057668554321658 0.061192516081286785
7 0.28927733976994924 0.5876301539132582 0.006592361745731452 0.009568080589290843
7 0.10482855175916964 0.6206148527868662 0.009064497400380844 0.01913616117858183
3 0.20021628322977045 0.6050302687062021 0.053089097326355555 0.01315898082732005
3 0.1555790225956845 0.5419517131703677 0.010576685543216583 0.05263160186981601
3 0.156403067813901 0.4855503960124425 0.010576685543216583 0.05263160186981601
3 0.1412955721465996 0.48051456412334204 0.010576685543216583 0.05263160186981601
3 0.12563871300048723 0.4729608162896912 0.010576685543216583 0.05263160186981601
3 0.09377563122945155 0.4800109809344319 0.012774139458460409 0.05263160186981599
3 0.0764706816469063 0.5369158812812671 0.010576685543216583 0.05263160186981601
3 0.0764706816469063 0.47195364991187105 0.010576685543216583 0.05263160186981601
3 0.058891050324955604 0.5444696291149175 0.010576685543216583 0.05263160186981601
3 0.07592131816809534 0.6713725927202493 0.010576685543216583 0.04658860360289524
3 0.09102881383539672 0.6708690095313392 0.010576685543216583 0.04658860360289524
3 0.12371594082464883 0.6764084246093498 0.010576685543216583 0.04658860360289524
3 0.15887520346855022 0.6784227573649899 0.010576685543216583 0.04658860360289524
3 0.17315865391763516 0.6804370901206299 0.010576685543216583 0.04658860360289524
3 0.20639514438569823 0.6678475103978789 0.010576685543216583 0.04658860360289524
3 0.2399063165931668 0.6794299237428102 0.010576685543216583 0.04658860360289524
3 0.2723187618430134 0.6799335069317203 0.010576685543216583 0.04658860360289524
3 0.05861636858555018 0.4724572331007812 0.010576685543216582 0.06471759840365694
3 0.13607661909789542 0.5414481299814579 0.010576685543216578 0.061696099270196314
3 0.1083337634179419 0.4704429003451412 0.012774139458460404 0.06773909753711714
3 0.09322626775064048 0.5361605064979025 0.012774139458460392 0.05011368592526514
3 0.17343333565704053 0.4722054415063263 0.010576685543216578 0.06219968245910672
3 0.172197267829716 0.5512680021652038 0.013598184676676783 0.06723551434820699
3 0.1397848225798695 0.6718761759091594 0.013048821197865879 0.06169609927019614
3 0.10696035472091467 0.6721279675036145 0.010576685543216583 0.06018534970346627
3 0.059440413803766655 0.7340686997395504 0.010576685543216583 0.04809935316962491
3 0.07811877208333928 0.7380973652508308 0.010576685543216583 0.04809935316962491
3 0.09459967644766806 0.7285292846615401 0.010576685543216583 0.04809935316962491
3 0.108883126896753 0.7300400342282702 0.010576685543216583 0.04809935316962491
3 0.12756148517632565 0.7325579501728205 0.010576685543216583 0.04809935316962491
3 0.14157025388600514 0.7436367803288421 0.010576685543216578 0.06824268072602595
3 0.15695243129271197 0.7375937820619217 0.010576685543216578 0.0551495178143644
3 0.17508142609347363 0.7456511130844825 0.010576685543216578 0.0551495178143644
3 0.1921116939366134 0.7375937820619218 0.010576685543216578 0.0551495178143644
3 0.20804323482213125 0.7486726122179428 0.010576685543216578 0.0551495178143644
3 0.1910129669789915 0.6716243843147056 0.010576685543216578 0.0551495178143644
3 0.22452413918646005 0.7421260307621123 0.010576685543216578 0.0551495178143644
3 0.22287604875002717 0.6756530498259862 0.010576685543216578 0.0551495178143644
3 0.24018099833257245 0.7391045316286521 0.010576685543216578 0.0551495178143644
3 0.25556317573927934 0.7345722829284617 0.010576685543216578 0.0551495178143644
3 0.25528849399987386 0.6731351338814362 0.010576685543216578 0.0551495178143644
3 0.27479089749766294 0.7411188643842925 0.010576685543216578 0.0551495178143644
3 0.2890743479467479 0.7391045316286522 0.010576685543216578 0.0551495178143644
3 0.2893490296861534 0.6741423002592565 0.010576685543216578 0.0551495178143644
3 0.3041818436140494 0.6711208011257962 0.010576685543216578 0.0551495178143644
3 0.30473120709286033 0.7401116980064724 0.010576685543216578 0.0551495178143644
3 0.3217614749360001 0.7461546962733929 0.010576685543216578 0.0551495178143644
3 0.3217614749360001 0.6665885524256057 0.010576685543216578 0.0551495178143644
3 0.33769301582151795 0.6691064683701559 0.010576685543216578 0.0551495178143644
3 0.3552726471434687 0.6791781321483568 0.010576685543216578 0.0551495178143644
3 0.3549979654040633 0.7461546962733928 0.010576685543216578 0.0551495178143644
3 0.3390664245185455 0.7401116980064723 0.010576685543216578 0.0551495178143644
3 0.37092950628958116 0.7421260307621124 0.010576685543216578 0.0551495178143644
3 0.36983077933195924 0.682199631281817 0.010576685543216578 0.0551495178143644
3 0.3871357289145045 0.6811924649039969 0.010576685543216578 0.0551495178143644
3 0.3871357289145044 0.7446439467066629 0.010576685543216578 0.0551495178143644
3 0.4025179063212112 0.735579449306282 0.010576685543216578 0.0551495178143644
3 0.4036166332788331 0.6781709657705369 0.010576685543216578 0.0551495178143644
3 0.4192734924249455 0.6786745489594469 0.010576685543216578 0.0551495178143644
3 0.43767716896511266 0.6746458834481665 0.010576685543216578 0.0551495178143644
3 0.45498211854765797 0.6751494666370762 0.010576685543216573 0.06924984710384628
3 0.4354797150498688 0.7360830324951921 0.010576685543216578 0.059178183325645006
3 0.41899881068553996 0.743636780328843 0.010576685543216578 0.059178183325645006
3 0.452784664632414 0.7426296139510229 0.010576685543216578 0.059178183325645006
3 0.4517858219436668 0.8749346517646621 0.01057668554321658 0.06833424130582769
3 0.43605404959589833 0.8724167358201116 0.01057668554321658 0.052311139840509085
3 0.41907372388719594 0.9339912257368398 0.01057668554321658 0.06192500071970109
3 0.38661133650291185 0.9394848605249494 0.010576685543216578 0.050022125345463776
3 0.4033419515394274 0.8753924546636707 0.01057668554321658 0.058262577527628666
3 0.40259281952286713 0.9481831156061221 0.01057668554321658 0.071996664497902
3 0.4560133445312358 0.9487837382472623 0.015955369185845215 0.06487730587865087
3 0.36913158944983593 0.8751635532141663 0.01057668554321658 0.052311139840509085
3 0.37087956415514356 0.9410871706714814 0.01057668554321658 0.052311139840509085
3 0.3381674660986727 0.9387981561764356 0.01057668554321658 0.052311139840509085
3 0.32293511509527795 0.8769947648102027 0.01057668554321658 0.052311139840509085
3 0.3216865617343439 0.9346779300853533 0.01057668554321658 0.052311139840509085
3 0.2887247530056864 0.9387981561764355 0.01057668554321658 0.052311139840509085
3 0.3059547893865756 0.8669231010320015 0.01057668554321658 0.052311139840509085
3 0.3546483704630014 0.873790144517138 0.010576685543216578 0.06512962101276563
3 0.3526506850855071 0.9456651996615717 0.010576685543216578 0.06512962101276563
3 0.3861119151585383 0.8708144256735793 0.01057668554321658 0.058262577527628666
3 0.33791775542648594 0.8669231010320011 0.01057668554321658 0.062382803618710646
3 0.2892241743500599 0.8710433271230831 0.01057668554321658 0.06604522681078379
3 0.2734924020022916 0.941087170671481 0.01057668554321658 0.052311139840509085
3 0.272992980657918 0.8774525677092113 0.01057668554321658 0.052311139840509085
3 0.24127972529019445 0.8724167358201109 0.01057668554321658 0.052311139840509085
3 0.24127972529019445 0.9365091416813894 0.01057668554321658 0.052311139840509085
3 0.2245491102536789 0.942460579368508 0.01057668554321658 0.052311139840509085
3 0.2085676272337238 0.9355935358833708 0.01057668554321658 0.052311139840509085
3 0.20806820588935016 0.8742479474161472 0.01057668554321658 0.052311139840509085
3 0.22454911025367896 0.8719589329211014 0.01057668554321658 0.052311139840509085
3 0.1938346975747026 0.8719589329211014 0.01057668554321658 0.052311139840509085
3 0.19183701219720817 0.936509141681389 0.01057668554321658 0.052311139840509085
3 0.1568775180910562 0.8715011300220921 0.01057668554321658 0.052311139840509085
3 0.15912491414073743 0.933304521388325 0.01057668554321658 0.052311139840509085
3 0.1431434311207822 0.9282686894992246 0.01057668554321658 0.052311139840509085
3 0.14214458843203504 0.871043327123083 0.01057668554321658 0.052311139840509085
3 0.12666252675645345 0.8669231010320005 0.01057668554321658 0.052311139840509085
3 0.25526352293265525 0.8781392720577249 0.010576685543216583 0.0719966644979019
3 0.3050683165003118 0.939857283183293 0.010576685543216564 0.06754453130503835
3 0.4347245899771744 0.9403576617519103 0.010576685543216563 0.07120054525652557
3 0.17488989800790639 0.8719589329211002 0.010576685543216563 0.06815386696362076
3 0.17655172253130957 0.9496492293901985 0.010576685543216568 0.06145117471922596
3 0.1097119166177413 0.857173730494702 0.01057668554321658 0.052311139840509085
3 0.0944231310024323 0.8687511080077439 0.01057668554321658 0.052311139840509085
3 0.07714015595903952 0.869360443666325 0.01057668554321658 0.052311139840509085
3 0.05985718091564652 0.8641810905683847 0.010576685543216563 0.06510718867071387
3 0.060034397314464055 0.6638464060443797 0.016897541328431593 0.06289148592300649
3 0.06118664053436906 0.9373013695981236 0.010576685543216563 0.06510718867071387
3 0.07813725067308142 0.9339500234759274 0.01057668554321658 0.052311139840509085
3 0.0930936713837098 0.9369967017688332 0.01057668554321658 0.052311139840509085
3 0.11037664642710258 0.9363873661102521 0.01057668554321658 0.052311139840509085
3 0.11721936047367076 0.9838461428525315 0.01998585282033652 0.020788305262296376
3 0.15878868144967961 0.9847081391816158 0.050124927469976814 0.012976717971011027
3 0.011813260274801552 0.3832296243458772 0.030514033496585928 0.05252745610818053
3 0.06925858341474758 0.3301845776223521 0.012774139458460407 0.05263160186981599
3 0.09507866691886267 0.33270249356690235 0.012774139458460407 0.05263160186981599
3 0.11705320607130104 0.33370965994472246 0.012774139458460407 0.05263160186981599
3 0.13985179044195586 0.3342132431336325 0.012774139458460407 0.05263160186981599
3 0.15633269480628467 0.3321989103779923 0.012774139458460407 0.05263160186981599
3 0.17226423569180252 0.3311917440001722 0.012774139458460407 0.05263160186981599
3 0.1763844617828847 0.2601865143638557 0.012774139458460407 0.05263160186981599
3 0.1596288756791504 0.25817218160821553 0.012774139458460407 0.05263160186981599
3 0.14311243760612644 0.27094633567987075 0.028872873749742373 0.05395917977407144
3 0.1144941910040275 0.2669535727679378 0.015555525316639401 0.0532365524074762
3 0.09306901533040002 0.2604069913121072 0.015555525316639401 0.0532365524074762
3 0.07022483390880994 0.2694365121717943 0.014600681954118367 0.05304482881308317
3 0.18847045831672582 0.3281702448667119 0.012774139458460407 0.05263160186981599
3 0.19121727571078062 0.26522234625295615 0.012774139458460407 0.05263160186981599
3 0.20714881659629847 0.26874742857532646 0.012774139458460407 0.05263160186981599
3 0.22143226704538344 0.26824384538641644 0.012774139458460407 0.05263160186981599
3 0.22143226704538346 0.3281702448667119 0.012774139458460407 0.05263160186981599
3 0.20440199920224378 0.3276666616778019 0.012774139458460407 0.05263160186981599
3 0.23818785314911725 0.33950086661718776 0.012774139458460397 0.07730717812640789
3 0.23873721662792863 0.2601865143638557 0.012774139458460407 0.05263160186981599
3 0.25411939403463546 0.25313634971911503 0.012774139458460407 0.05263160186981599
3 0.271149661877775 0.2627044303084057 0.012774139458460398 0.06371043202583732
3 0.28955333841794206 0.26119368074167554 0.012774139458460398 0.06975343029275785
3 0.2543940757740409 0.32363799616652145 0.012774139458460407 0.05263160186981599
3 0.27169902535658613 0.32867382805562184 0.012774139458460407 0.05263160186981599
3 0.28680652102388754 0.32464516254434145 0.012774139458460407 0.05263160186981599
3 0.30493551582464923 0.3321989103779922 0.012774139458460407 0.05263160186981599
3 0.3219657836677891 0.32565232892216156 0.012774139458460407 0.05263160186981599
3 0.3389960515109289 0.3231344129776113 0.012774139458460407 0.05263160186981599
3 0.3384466880321179 0.2632080134973158 0.012774139458460407 0.05263160186981599
3 0.32278982888600566 0.26723667900859616 0.012774139458460407 0.05263160186981599
3 0.30575956104286595 0.2687474285753263 0.012774139458460407 0.05263160186981599
3 0.35190609326298644 0.32212724659979125 0.012774139458460407 0.05263160186981599
3 0.37003508806374796 0.32867382805562184 0.012774139458460407 0.05263160186981599
3 0.3867906741674822 0.33370965994472246 0.012774139458460407 0.05263160186981599
3 0.4029968967924053 0.3420187825617381 0.012774139458460404 0.06219968245910687
3 0.4197524828961397 0.32514874573325153 0.012774139458460407 0.05263160186981599
3 0.4370574324786849 0.32514874573325153 0.012774139458460407 0.05263160186981599
3 0.4557357907582571 0.33068816081126196 0.012774139458460397 0.06471759840365728
3 0.4540877003218247 0.2637115966862259 0.012774139458460407 0.05263160186981599
3 0.4376067959574955 0.26245263871395075 0.012774139458460393 0.06723551434820749
3 0.41975248289613937 0.26497055465850095 0.012774139458460393 0.06723551434820749
3 0.40601839592586475 0.266984887414141 0.012774139458460383 0.05615668419218642
3 0.38843876460391447 0.2619490555250406 0.012774139458460393 0.06723551434820749
3 0.3708591332819634 0.2684956369808711 0.012774139458460385 0.053135185058726074
3 0.3530048202206072 0.2639633882806808 0.012774139458460385 0.051120852303086
3 0.44049115799111754 0.1899076321634483 0.053174860010181534 0.015238950436480927
3 0.4557127810158946 0.12068622218059741 0.012853995871348119 0.06775706870668313
3 0.4381324482336146 0.12622742747270696 0.012838563743873764 0.05466748622321973
3 0.42165154386928577 0.12975250979507724 0.012838563743873764 0.05466748622321973
3 0.4057200029837679 0.12421309471706676 0.012838563743873764 0.05466748622321973
3 0.38759100818300624 0.12270234515033662 0.012838563743873764 0.05466748622321973
3 0.38896441688003364 0.06176877929222103 0.012838563743873764 0.05466748622321973
3 0.42384899778452945 0.06428669523677126 0.012838563743873764 0.05466748622321973
3 0.43785776649420893 0.06730819437023153 0.012838563743873764 0.05466748622321973
3 0.4587335786890254 0.0562293642142105 0.012838563743873764 0.05466748622321973
3 0.37385692121273223 0.06428669523677125 0.012838563743873764 0.05466748622321973
3 0.3713847855580829 0.1262274274727069 0.012838563743873764 0.05466748622321973
3 0.35545324467256506 0.13529192487308772 0.012838563743873764 0.05466748622321973
3 0.355720207548426 0.05773952917547514 0.01285400147096297 0.06776181834580948
3 0.3389717469533355 0.06579774235590435 0.012839750453675122 0.055674057496221695
3 0.3367748863929924 0.13227042573962744 0.012838563743873764 0.05466748622321973
3 0.3227661176833131 0.12219876196142648 0.012838563743873727 0.05466748622321973
3 0.3227661176833131 0.062272362481131015 0.012838563743873727 0.05466748622321973
3 0.3062852133189843 0.07234402625933192 0.012838563743873764 0.05466748622321973
3 0.3062852133189843 0.12975250979507721 0.012838563743873764 0.05466748622321973
3 0.28925494547584446 0.12924892660616716 0.012838563743873764 0.05466748622321973
3 0.288980263736439 0.06831536074805157 0.012838563743873764 0.05466748622321973
3 0.06813614525443322 0.13126325936180738 0.012838563743873755 0.05466748622321973
3 0.06757787515231647 0.060257149667491204 0.012856376990485278 0.06977674200651818
3 0.09587900093438666 0.13227042573962744 0.012838563743873745 0.05466748622321973
3 0.11428267747455383 0.13327759211744752 0.012838563743873745 0.05466748622321973
3 0.13213699053591 0.13176684255071738 0.012838563743873745 0.05466748622321973
3 0.13653189836639767 0.06025802972549084 0.012838563743873745 0.05466748622321973
3 0.1554849383853758 0.06378311204786115 0.012838563743873764 0.05466748622321973
3 0.17306456970732653 0.1327740089285375 0.012838563743873764 0.05466748622321973
3 0.19009483755046627 0.1186736796390562 0.012838563743873764 0.05466748622321973
3 0.206026378435984 0.12773817703943705 0.012838563743873764 0.05466748622321973
3 0.22250728280031282 0.06428669523677122 0.012838563743873764 0.05466748622321973
3 0.19174292798689913 0.06176877929222098 0.012838563743873764 0.05466748622321973
3 0.22195791932150186 0.12471667790597676 0.012838563743873764 0.05466748622321973
3 0.23734009672820874 0.12773817703943705 0.012838563743873764 0.05466748622321973
3 0.2560184550077814 0.13982417357327814 0.012838563743873764 0.05466748622321973
3 0.2716759892321796 0.1315189012886067 0.012853415465541076 0.06726476661065675
3 0.27304872285092124 0.06932252712587168 0.012838563743873764 0.05466748622321973
3 0.25739186370480893 0.07335119263715205 0.012838563743873764 0.05466748622321973
3 0.23843110237248877 0.06478761585310129 0.012854006370558082 0.06776597428000268
3 0.20656950906337834 0.049935472259710775 0.012851029446707152 0.06524093737656958
3 0.17223221472050684 0.0647920693397401 0.012855183281080186 0.06876423368457381
3 0.1538285381803397 0.12975430070913607 0.012855183281080151 0.06876423368457381
3 0.11565608617158123 0.052704281891840135 0.012838563743873745 0.05466748622321973
3 0.09862581832844146 0.0647902784256812 0.012838563743873745 0.05466748622321973
3 0.40534709257640983 0.058933937610546695 0.012859599432451603 0.0725100281774792
