3 0.4588557993730407 0.6386494252873562 0.11833855799373047 0.09913793103448278
3 0.6210815047021945 0.6458333333333333 0.11833855799373047 0.09913793103448278
3 0.5920846394984326 0.4044540229885058 0.11833855799373047 0.09913793103448278
3 0.643025078369906 0.17169540229885058 0.11833855799373047 0.09913793103448278
3 0.46512539184952983 0.16451149425287354 0.11833855799373047 0.09913793103448278
3 0.2621473354231975 0.19612068965517238 0.11833855799373047 0.09913793103448278
3 0.1022727272727273 0.23347701149425285 0.11833855799373047 0.09913793103448278
3 0.11167711598746084 0.4849137931034481 0.11833855799373047 0.09913793103448278
3 0.2574451410658308 0.4489942528735631 0.11833855799373047 0.09913793103448278
3 0.4086990595611286 0.43318965517241365 0.11833855799373047 0.09913793103448278
3 0.81935736677116 0.15445402298850558 0.11833855799373047 0.09913793103448278
3 0.7950626959247649 0.6472701149425281 0.1481191222570537 0.09913793103448273
3 0.9518025078369905 0.6285919540229876 0.09639498432601896 0.09913793103448276
3 0.7648902821316612 0.7938218390804592 0.11285266457680251 0.09913793103448272
3 0.6042319749216298 0.7995689655172407 0.11285266457680251 0.09913793103448272
3 0.427899686520376 0.8053160919540224 0.11285266457680251 0.09913793103448272
3 0.2899686520376174 0.6587643678160913 0.11285266457680251 0.09913793103448272
3 0.11442006269592461 0.6760057471264362 0.1269592476489029 0.09913793103448272
3 0.21199059561128514 0.8110632183908041 0.11833855799373043 0.09913793103448269
3 0.07774042636464956 0.835572437923878 0.1310848936951 0.11487377025218734
3 0.9263343367727463 0.7897448818336685 0.14733132645450722 0.11551561787243828
7 0.82641065830721 0.3002873563218391 0.035266457680250766 0.05459770114942529
7 0.7723354231974922 0.44827586206896547 0.027429467084639572 0.045977011494252956
7 0.9220219435736677 0.482758620689655 0.027429467084639482 0.04885057471264376
7 0.5799373040752349 0.47341954022988497 0.028213166144200875 0.035919540229884965
7 0.6982758620689657 0.5660919540229886 0.021943573667712112 0.037356321839080386
7 0.43691222570532945 0.7298850574712645 0.027429467084639832 0.04310344827586191
7 0.4165360501567401 0.873563218390805 0.027429467084639832 0.04310344827586191
7 0.8068181818181821 0.9008620689655175 0.027429467084639832 0.04310344827586191
7 0.14615987460815083 0.755747126436782 0.027429467084639832 0.04310344827586191
7 0.24490595611285296 0.2665229885057475 0.02115987460815075 0.03591954022988492
3 0.6308777429467082 0.9504310344827579 0.11755485893416924 0.09913793103448257
3 0.48824451410658276 0.9590517241379314 0.11755485893416921 0.08189655172413776
3 0.3275862068965513 0.9590517241379304 0.12539184952978039 0.08189655172413722
3 0.18691222570532898 0.956178160919539 0.11206896551724127 0.0876436781609193
3 0.05603448275862048 0.9734195402298842 0.10579937304075228 0.05316091954022941
3 0.7962382445141064 0.9619252873563217 0.1175548589341692 0.07614942528735605
3 0.9604231974921628 0.9619252873563217 0.0791536050156731 0.07614942528735598
