7 0.6874421929056979 0.9242647058823529 0.05880000000000009 0.11323529411764693
7 0.7859800389597698 0.7772058823529412 0.044970126869603645 0.089705882352941
7 0.8871109862257905 0.5639705882352942 0.044970126869603645 0.089705882352941
7 0.8646374423888971 0.4551470588235295 0.044970126869603645 0.089705882352941
7 0.8006742791608156 0.4727941176470589 0.044970126869603645 0.089705882352941
7 0.7773363682532723 0.37867647058823534 0.044970126869603645 0.089705882352941
7 0.6934927624002465 0.474264705882353 0.044970126869603645 0.089705882352941
7 0.6969502306828456 0.574264705882353 0.044970126869603645 0.089705882352941
7 0.6131066248298197 0.5183823529411764 0.044970126869603645 0.089705882352941
7 0.6390376369493124 0.3727941176470588 0.044970126869603645 0.089705882352941
7 0.6943571294708966 0.2977941176470587 0.044970126869603645 0.089705882352941
7 0.6883065599763484 0.1948529411764705 0.044970126869603645 0.089705882352941
7 0.6027342199820229 0.1610294117647058 0.044970126869603645 0.089705882352941
7 0.5327204872593931 0.0610294117647058 0.044970126869603645 0.089705882352941
7 0.46789295696066185 0.07279411764705873 0.044970126869603645 0.089705882352941
7 0.3779987816130878 0.0448529411764705 0.044970126869603645 0.089705882352941
7 0.3347804280806003 0.1713235294117646 0.044970126869603645 0.089705882352941
7 0.30625631474915854 0.056617647058823446 0.044970126869603645 0.089705882352941
7 0.1454840396083049 0.11544117647058816 0.044970126869603645 0.089705882352941
7 0.5266699177648451 0.30367647058823527 0.044970126869603645 0.089705882352941
7 0.5050607409986013 0.4360294117647058 0.044970126869603645 0.089705882352941
7 0.5603802335201853 0.4566176470588234 0.044970126869603645 0.089705882352941
7 0.5318561201887434 0.5625 0.044970126869603645 0.089705882352941
7 0.41689529979232676 0.5522058823529412 0.044970126869603645 0.089705882352941
7 0.38404935110763616 0.6551470588235293 0.044970126869603645 0.089705882352941
7 0.28378277091226517 0.8213235294117647 0.044970126869603645 0.089705882352941
7 0.5448216262484898 0.7463235294117648 0.044970126869603645 0.089705882352941
7 0.5404997908952412 0.8404411764705882 0.044970126869603645 0.089705882352941
7 0.4964170702921035 0.9617647058823531 0.044970126869603624 0.07647058823529379
7 0.7885731401717193 0.24632352941176475 0.044970126869603645 0.089705882352941
7 0.8629087082475979 0.26102941176470595 0.044970126869603645 0.089705882352941
7 0.9208213019811313 0.13161764705882362 0.044970126869603645 0.089705882352941
7 0.8655018094595472 0.12132352941176477 0.044970126869603645 0.089705882352941
7 0.8248765571390089 0.04485294117647049 0.044970126869603645 0.089705882352941
7 0.9268718714756797 0.25808823529411756 0.044970126869603645 0.089705882352941
7 0.37367694625983916 0.5007352941176471 0.044970126869603645 0.089705882352941
7 0.44801251433571765 0.4536764705882353 0.044970126869603645 0.089705882352941
7 0.41257346443907783 0.4389705882352941 0.044970126869603645 0.089705882352941
7 0.4454194131237684 0.36397058823529416 0.044970126869603645 0.089705882352941
7 0.3572539719174938 0.34779411764705886 0.044970126869603645 0.089705882352941
7 0.33478042808060027 0.2801470588235294 0.044970126869603645 0.089705882352941
7 0.297612644042661 0.38161764705882356 0.044970126869603645 0.089705882352941
7 0.2656310624286202 0.25220588235294117 0.044970126869603645 0.089705882352941
7 0.23364948081457942 0.424264705882353 0.044970126869603645 0.089705882352941
7 0.1610426468800004 0.45220588235294124 0.044970126869603645 0.089705882352941
7 0.11004498971166508 0.5375 0.044970126869603645 0.089705882352941
7 0.022485063434801823 0.5066176470588235 0.044970126869603645 0.089705882352941
7 0.03112873414129933 0.6992647058823529 0.044970126869603645 0.089705882352941
7 0.11583670706497488 0.7257352941176471 0.044970126869603645 0.089705882352941
7 0.12188727655952315 0.922794117647059 0.044970126869603645 0.089705882352941
7 0.14263208625511717 0.8125000000000003 0.044970126869603645 0.089705882352941
7 0.08471949252158385 0.8801470588235296 0.044970126869603645 0.089705882352941
7 0.23166189453204147 0.7757352941176472 0.044970126869603645 0.089705882352941
7 0.19017227514085344 0.6919117647058824 0.044970126869603645 0.089705882352941
7 0.21437455311904646 0.6169117647058826 0.044970126869603645 0.089705882352941
7 0.22128948968424444 0.5242647058823532 0.044970126869603645 0.089705882352941
7 0.29908252604272206 0.6610294117647061 0.044970126869603645 0.089705882352941
7 0.2757446151351788 0.6022058823529415 0.044970126869603645 0.089705882352941
7 0.30426872846662056 0.5419117647058826 0.044970126869603645 0.089705882352941
7 0.2938963236188236 0.48602941176470615 0.044970126869603645 0.089705882352941
7 0.7909073892424303 0.6772058823529413 0.044970126869603645 0.089705882352941
7 0.05965284747274108 0.04485294117647051 0.044970126869603645 0.089705882352941
7 0.5716170054386321 0.28014705882352936 0.044970126869603645 0.089705882352941
7 0.6105135236178707 0.23161764705882348 0.044970126869603645 0.089705882352941
