0 0.37099742362900257 0.548582995951417 0.03238866396761132 0.08771929824561411
0 0.6750092013249908 0.8758434547908232 0.12219359587780644 0.1970310391363023
0 0.5763709974236291 0.41835357624831304 0.022083179977916742 0.03238866396761132
0 0.4952140251785795 0.34953405685543015 0.011332163082017743 0.018257373854362057
0 0.5479257534540259 0.35897752609044503 0.01579634853857037 0.02077563231703259
0 0.5843260348689923 0.34701579839275953 0.007554775388011876 0.019516503085697252
0 0.5204538429521647 0.3215184314582194 0.013735955250930729 0.02014606770136499
0 0.4667119180328983 0.32624016607572687 0.009958567556924862 0.009443469235014846
0 0.4555514543915172 0.3161671322250444 0.010301966438197923 0.011961727697685519
0 0.4433607941063162 0.3429236283909198 0.012705758607110908 0.017627809238694354
0 0.3915075630340529 0.3665323014784569 0.017513342944936595 0.022034761548367997
0 0.40644541436944 0.3205740845347179 0.010301966438197994 0.01699824462302665
9 0.3800037005113985 0.32624016607572687 0.008241573150558424 0.016998244623026685
9 0.4493702745285983 0.27933760220848647 0.027471910501861457 0.015109550776023788
9 0.49229513468775665 0.28280020759465857 0.030219101552047434 0.016998244623026723
