3 0.49373040752351094 0.7535919540229885 0.115987460815047 0.09051724137931018
3 0.32993730407523514 0.719109195402299 0.115987460815047 0.09051724137931018
3 0.08385579937304075 0.49784482758620696 0.115987460815047 0.09051724137931018
3 0.08385579937304075 0.08117816091954032 0.115987460815047 0.09051724137931018
3 0.08385579937304075 0.08117816091954032 0.115987460815047 0.09051724137931018
3 0.6708463949843261 0.7650862068965517 0.115987460815047 0.09051724137931018
3 0.5987460815047022 0.9389367816091955 0.115987460815047 0.09051724137931018
3 0.43887147335423193 0.9159482758620691 0.115987460815047 0.09051724137931018
3 0.2954545454545454 0.908764367816092 0.115987460815047 0.09051724137931018
3 0.13009404388714732 0.9001436781609197 0.115987460815047 0.09051724137931018
3 0.10188087774294668 0.7320402298850576 0.115987460815047 0.09051724137931018
3 0.8193573667711598 0.8010057471264368 0.1057993730407523 0.08764367816091947
3 0.8467868338557994 0.5330459770114943 0.05721003134796234 0.09770114942528735
3 0.8236677115987462 0.9683908045977012 0.09247648902821325 0.06321839080459768
3 0.01606583072100314 0.875 0.03213166144200628 0.06609195402298837
4 0.8898902821316613 0.8922413793103448 0.021159874608150487 0.21551724137931033
7 0.9698275862068965 0.4353448275862069 0.038401253918495255 0.05459770114942529
7 0.9827586206896552 0.1257183908045977 0.014106583072100278 0.05028735632183908
7 0.8091692789968653 0.6982758620689654 0.028996865203761643 0.03448275862068968
7 0.49608150470219436 0.6724137931034483 0.025078369905956067 0.022988505747126454
7 0.6677115987460814 0.875 0.023510971786833892 0.03448275862068982
7 0.6336206896551724 0.8469827586206895 0.018025078369905925 0.02155172413793096
7 0.8401253918495297 0.9044540229885059 0.018808777429467086 0.018678160919540263
7 0.29780564263322884 0.8469827586206897 0.014106583072100349 0.024425287356321802
7 0.15321316614420064 0.8160919540229885 0.027429467084639506 0.020114942528735753
7 0.12695924764890282 0.5955459770114941 0.015673981191222593 0.030172413793103415
7 0.09365203761755485 0.5948275862068966 0.016457680250783698 0.04597701149425276
7 0.42789243683482303 0.6832918221151633 0.01681035214893697 0.03244103046286071
7 0.05529721101623991 0.8073813816267642 0.027427416664054995 0.03487410774757521
7 0.020349373653976287 0.7854836860643332 0.020349373653976283 0.02189769556243121
7 0.10594945630711568 0.659369180139962 0.024330772847145566 0.03892923655543285
