7 0.27181041160103436 0.06954284763187403 0.026930040824679858 0.04535940470821957
7 0.49977507872244714 0.456140350877193 0.03328834907782273 0.11605937921727395
7 0.440395861448493 0.4446693657219973 0.04228520017993702 0.11740890688259115
7 0.8886138839260509 0.7071524966261807 0.03328834907782273 0.11605937921727395
7 0.9300180159616199 0.7139001349527665 0.03328834907782273 0.11605937921727395
7 0.7166967269957538 0.23616734143049933 0.03328834907782273 0.11605937921727395
7 0.6824933135750665 0.22672064777327935 0.03328834907782273 0.11605937921727395
7 0.6545905289424004 0.213225371120108 0.03328834907782273 0.11605937921727395
7 0.8463096620636219 0.13630229419703105 0.03328834907782273 0.11605937921727395
7 0.5393790311042957 0.07017543859649125 0.03328834907782273 0.11605937921727395
7 0.3431594488487734 0.29554655870445345 0.03328834907782273 0.11605937921727395
7 0.10283681915321623 0.584357741960676 0.06928401566198172 0.12057238860769083
7 0.060532597290787075 0.5803091589647247 0.06928401566198171 0.12057238860769083
7 0.08213475313543177 0.35493803885676245 0.06928401566198172 0.12057238860769076
7 0.054231968502765716 0.36303520484866525 0.06928401566198171 0.12057238860769076
7 0.039830531273002616 0.3171512642278824 0.06928401566198171 0.12057238860769072
7 0.20347060346703524 0.09133385355737936 0.06494113446795673 0.10796969307960129
7 0.30085522698634426 0.29554655870445345 0.03328834907782273 0.11605937921727395
7 0.2837535202760006 0.2145748987854251 0.03328834907782273 0.11605937921727395
7 0.46647175512861994 0.14709851551956815 0.03328834907782273 0.11605937921727395
7 0.4178669044781694 0.15789473684210525 0.03328834907782273 0.11605937921727395
7 0.02092729083282391 0.06680161943319837 0.03328834907782273 0.09851551956815113
7 0.08039292250993448 0.14180791322994213 0.037857818888815065 0.029778406321080145
