13 0.3706896551724138 0.7995689655172413 0.13322884012539185 0.1910919540229885
13 0.40634796238244514 0.9339080459770115 0.140282131661442 0.13218390804597704
13 0.4408307210031348 0.3074712643678161 0.04153605015673975 0.12356321839080461
13 0.4486677115987461 0.09698275862068964 0.1371473354231975 0.14224137931034483
13 0.03134796238244514 0.514367816091954 0.06269592476489028 0.9568965517241379
13 0.6814263322884014 0.5833333333333335 0.06974921630094044 0.11781609195402304
13 0.6461598746081505 0.3283045977011494 0.06504702194357372 0.12499999999999996
13 0.6124608150470219 0.1329022988505747 0.03213166144200635 0.17385057471264367
12 0.7146572448762015 0.5618723597998038 0.22759121139076888 0.8762552804003926
5 0.5477141687718817 0.6861116917075948 0.27635189541585786 0.4479487003712163
