3 0.47296238244514105 0.08333333333333334 0.05250783699059568 0.16379310344827588
3 0.6136363636363636 0.8685344827586207 0.04075235109717866 0.08764367816091947
3 0.12460815047021942 0.737787356321839 0.09247648902821315 0.09051724137931032
7 0.11402821316614417 0.8469827586206897 0.022727272727272717 0.04741379310344826
7 0.7252956296299863 0.7860551203211678 0.022494597742447126 0.03140300877500664
7 0.7688402179204116 0.7837850233012879 0.02332008756785811 0.03291640678825985
7 0.6076633295089319 0.7347887626222112 0.016303424051865464 0.02724116423855989
7 0.274294670846395 0.10057471264367816 0.03134796238244515 0.10057471264367816
7 0.21316614420062696 0.27083333333333337 0.039184952978056416 0.06752873563218391
3 0.06543887147335424 0.9267241379310346 0.11050156739811913 0.10632183908045974
