1 0.6220665428743455 0.8793966743383516 0.12793014641094924 0.06469675128379565
1 0.5698055672978484 0.9336624574125483 0.03137541380655881 0.12922179832887115
1 0.1085094693652029 0.5893565188632922 0.2170189387304058 0.08270139372750615
1 0.6640447335903934 0.9030074644624517 0.08747367162325456 0.08401497830165906
1 0.8632911904369405 0.2412381669781646 0.10582437451283795 0.10599888613398882
3 0.5362228141825303 0.6444528255627162 0.005984596470140565 0.020885424667529774
1 0.572580797640589 0.0523293259438504 0.0285085971066058 0.1046586518877008
3 0.5579315819023581 0.47635342895037397 0.02093006503061588 0.02077135295616557
3 0.5715852206560293 0.4599043365104552 0.02093006503061588 0.02077135295616557
3 0.5870797994663753 0.44044626374616114 0.02093006503061588 0.02077135295616557
3 0.5873866228091543 0.42158998704674217 0.02093006503061588 0.02077135295616557
3 0.6048755533475647 0.4189822040989503 0.02093006503061588 0.020771352956165643
3 0.6036482599764482 0.4033355064121983 0.02093006503061588 0.02077135295616557
3 0.6200633088151316 0.4015301182175732 0.02093006503061588 0.02077135295616557
3 0.6163814287017819 0.38608401921911295 0.02093006503061588 0.020771352956165643
3 0.6344840059257506 0.38187144676498747 0.02093006503061595 0.020771352956165643
3 0.6346374175971401 0.36201217662410995 0.02093006503061588 0.020771352956165643
3 0.6522797598069399 0.3602067884294847 0.02093006503061588 0.020771352956165643
3 0.6532002298352774 0.3395451235354405 0.02093006503061588 0.02077135295616557
3 0.6654731635464427 0.34175170910664915 0.02093006503061588 0.020771352956165643
3 0.6937009110821224 0.30825172816193663 0.02093006503061588 0.020771352956165643
3 0.7070326797639581 0.31006695378967386 0.02093006503061588 0.020771352956165678
3 0.7077661554143418 0.29006325971782976 0.02093006503061588 0.020771352956165643
3 0.6964496739512773 0.28704900444673 0.02093006503061588 0.020771352956165643
3 0.7075565909428039 0.2695115192330585 0.02093006503061588 0.020771352956165643
3 0.7233787085439407 0.27211473969446287 0.02093006503061588 0.020771352956165643
3 0.7355334478931583 0.25608438211634127 0.02093006503061588 0.020771352956165643
3 0.728212106092588 0.2450048159970304 0.023208444810999537 0.023000286092805453
3 0.747072908531029 0.22102778543146384 0.023208444810999537 0.023000286092805453
3 0.7620567682460127 0.22280893627347742 0.023208444810999537 0.023000286092805453
3 0.7828036509282978 0.19746178967559275 0.023208444810999537 0.023000286092805453
3 0.7881475449525229 0.17184061987124444 0.023208444810999537 0.023000286092805453
3 0.8120378947078817 0.1604686568030042 0.023208444810999537 0.023000286092805453
3 0.814133539423264 0.13827277707945113 0.023208444810999537 0.023000286092805453
3 0.8359282444632403 0.1303261040920062 0.023208444810999537 0.023000286092805453
3 0.836347373406317 0.11278861887833465 0.023208444810999537 0.023000286092805453
3 0.8582468606820626 0.10319780665210802 0.023208444810999537 0.023000286092805453
3 0.8536364423082212 0.09018170434508617 0.023208444810999537 0.023000286092805453
3 0.8776932552746092 0.07799834019833257 0.020989438145095393 0.020829437522851376
3 0.8754311473481975 0.06332743011165162 0.023208444810999537 0.023000286092805453
3 0.8985562866319925 0.033524450110691856 0.02306234998182191 0.022857361893491107
3 0.89646064191661 0.05544630662778129 0.02306234998182191 0.022857361893491107
3 0.9205605561435071 0.022974556661842564 0.02306234998182191 0.022857361893491107
3 0.9367214528782881 0.005160963239898281 0.010381741885555584 0.010321926479796512
3 0.9236236734071482 0.005160963239898256 0.010381741885555584 0.010321926479796512
1 0.8129447726410055 0.36912570474950973 0.12605818685285414 0.15666158588562554
1 0.8007458610736127 0.28008708243095387 0.0690588238439541 0.04886376176394871
1 0.821971733337339 0.5408241152033841 0.07982123794950553 0.18490047451478184
3 0.8864161657134992 0.11471406155835621 0.023169686819698256 0.007618348598584
3 0.8722705638846684 0.1359508600592866 0.023169686819698256 0.007618348598584
3 0.866199052166873 0.14650315213536527 0.02348453186058947 0.0087672280923951
1 0.9046482747373258 0.09347726305742582 0.023169686819698256 0.007618348598584
3 0.8233387010391 0.025685808637249067 0.02221066502152951 0.02199232791767007
3 0.8287112603050985 0.0366025998680424 0.02034018239510431 0.020162439527927577
3 0.8563077510800532 0.004851853161113022 0.00971675826261702 0.009703706322225834
3 0.7739121528625149 0.03290441938376099 0.018411366726853375 0.010231478472160766
3 0.7680035866182903 0.04161285477911064 0.02063191455520638 0.010658910462115987
3 0.7615136235924231 0.051206742870875385 0.020676358915391404 0.010916778327939438
3 0.7555410361535836 0.05929042746155213 0.020676358915391404 0.010916778327939438
3 0.7466345461132086 0.06682606563930162 0.020676358915391404 0.010916778327939438
3 0.7405896049380987 0.07664132975162388 0.02460707626533008 0.008202355790439464
3 0.7331989272967111 0.0875851639490389 0.017912213134927413 0.007466540872283147
3 0.7728051426400135 0.10732843470277803 0.01942275178362081 0.019106031594116855
3 0.7402178673158182 0.13116845366511282 0.01942275178362081 0.019106031594116855
3 0.7206905748131663 0.10483075959839085 0.02024065475377597 0.007259931930233954
3 0.7128319071304827 0.11483260663431291 0.02024065475377597 0.007259931930233954
3 0.7022567590664518 0.12470104371009322 0.020686781134239426 0.008699800438424568
3 0.6947124380910755 0.13538794876217436 0.020686781134239426 0.008699800438424568
3 0.686331195453578 0.14556038470101842 0.017184839337505194 0.007448810460301054
3 0.7027373627234066 0.19478777910013123 0.02024775034875148 0.01997432585735865
3 0.6858141572173713 0.20054457519486554 0.012923081255561044 0.01284510497130718
3 0.6553980771845382 0.2537949265276678 0.022310665842814503 0.021982195433351778
3 0.6360796306486756 0.2608457608301035 0.01910984637826395 0.019268118110617464
3 0.6072645158121686 0.3131841932646546 0.019109846378264024 0.019268118110617464
3 0.5838547835344677 0.3264287676436255 0.02052256655024138 0.020458585651961805
3 0.5635270297952588 0.3676692602164 0.02052256655024138 0.020458585651961698
3 0.5362836484952885 0.36629914418408194 0.02052256655024138 0.020458585651961698
3 0.5158429825569606 0.4099680293239619 0.01811736344725844 0.01806800937592328
3 0.5212187032686542 0.423019438135514 0.019424817526512327 0.019367512399180525
3 0.48208520935550575 0.3372600760541103 0.008230868873459371 0.0222519913905019
3 0.4820852093555057 0.3078025813592713 0.008230868873459371 0.022251991390501866
3 0.4820852093555058 0.08262544450325653 0.008230868873459371 0.022251991390501866
3 0.5167239649816602 0.052279072878359985 0.008230868873459371 0.022251991390501866
3 0.48208520935550575 0.04627773819134687 0.008230868873459371 0.022251991390501866
3 0.481537809077004 0.013964093567003823 0.006789680760192596 0.01953734832474676
3 0.47616169538153913 0.47840473597285005 0.019424817526512327 0.019367512399180525
3 0.49826831722877535 0.5335693752530651 0.019424817526512327 0.019367512399180525
3 0.43701103684292236 0.5231984230683846 0.019424817526512327 0.019367512399180525
3 0.43971108225937877 0.5020152015847819 0.019424817526512327 0.019367512399180525
3 0.4055763661121871 0.5636225076582655 0.019424817526512327 0.019367512399180525
3 0.3983888243197601 0.554563889262774 0.019424817526512327 0.019367512399180525
3 0.3634036811373441 0.614011072483187 0.019424817526512327 0.019367512399180525
3 0.3378575988630553 0.6116331851543705 0.019424817526512327 0.019367512399180525
3 0.4077412883388217 0.6247681818278332 0.019424817526512327 0.019367512399180525
3 0.3789911211691135 0.6607761899499123 0.019424817526512327 0.019367512399180383
3 0.39172086386172517 0.6439045131883092 0.019424817526512327 0.019367512399180456
3 0.4072217070044293 0.6646261027679963 0.019424817526512327 0.019367512399180383
3 0.39102808874920214 0.6825168740990921 0.019424817526512327 0.019367512399180383
3 0.3828013842879905 0.6773081685216844 0.019424817526512327 0.019367512399180383
3 0.3652222158077171 0.6771949357917408 0.019424817526512327 0.019367512399180383
3 0.37587363316275957 0.7016532054595679 0.019424817526512327 0.019367512399180383
3 0.3617583402451017 0.7015399727296243 0.019424817526512327 0.019367512399180383
3 0.3343071264113743 0.7139955730234254 0.019424817526512327 0.019367512399180383
3 0.34833582243996675 0.6972371289917662 0.019424817526512327 0.019367512399180383
3 0.3610655651325785 0.7201101404403824 0.019424817526512327 0.019367512399180383
3 0.3431400090960436 0.7413978936697875 0.019424817526512327 0.019367512399180383
3 0.34365959043043587 0.7238468205285229 0.019424817526512327 0.019367512399180383
3 0.32945770062371255 0.7419640573195058 0.019424817526512293 0.019367512399180383
3 0.320798011717174 0.7304143188652542 0.019424817526512293 0.019367512399180383
3 0.30408481212755445 0.7518153048246028 0.019424817526512258 0.019367512399180383
3 0.3137836637028777 0.7599680613805453 0.019424817526512293 0.019367512399180383
3 0.32584487302289417 0.7660225410312583 0.022493822053010745 0.02241785330511192
3 0.2903227349036104 0.7697305670607393 0.019143472982230562 0.019087878803115927
3 0.2665121498121706 0.799823729649078 0.020792245077298616 0.020726624175669315
3 0.27179456004515923 0.8121660972129351 0.020792245077298616 0.020726624175669315
3 0.25932460801974355 0.8279054466751019 0.020792245077298616 0.020726624175669315
3 0.2762975982765592 0.8249613956965673 0.020792245077298616 0.020726624175669315
3 0.24572889643647794 0.8255275593462856 0.020792245077298616 0.020726624175669315
3 0.2585452360181551 0.8482873380649582 0.020792245077298616 0.020726624175669315
3 0.2405330830925548 0.8504387599338876 0.020792245077298616 0.020726624175669315
3 0.24407172233376542 0.8629797996395567 0.01812509017767894 0.018075689117568173
3 0.22498537813017477 0.8710724705358449 0.020966247846183138 0.020899568776790146
3 0.22900963522297665 0.8837863058669952 0.018979515895156708 0.018924918792727966
3 0.2153273267506457 0.9003182844387674 0.018979515895156708 0.018924918792727966
3 0.20823948383315463 0.8905220881661794 0.02068524970472346 0.020620279476958672
3 0.2913116193570921 0.8602022864764508 0.021102585480024274 0.00957253212126176
3 0.27691871417045133 0.8760467805021362 0.020582136427466792 0.007689065517798781
3 0.2644647041833228 0.8899816414294048 0.02107353992398764 0.009448351516799675
3 0.25033415404057197 0.9112624703106394 0.020634751342131493 0.007855411705125164
3 0.242713627802818 0.9217931141953983 0.020634751342131493 0.007855411705125164
3 0.19835433649383 0.9190016848794684 0.018979515895156708 0.018924918792727966
3 0.18683695024813363 0.9166237975506517 0.018979515895156708 0.018924918792727966
3 0.1832864777964528 0.9405159035687606 0.018979515895156708 0.018924918792727966
3 0.16578901116809175 0.9611572497789007 0.022558751032394627 0.022482387430130472
3 0.158557291918823 0.9501141183985934 0.02108363530339231 0.021016242362468063
3 0.14901311769502423 0.9806577828737789 0.020686635316007517 0.020621656661887186
3 0.13707983931489187 0.9770277580751567 0.016826402037309406 0.01678489872465292
3 0.10365341433510586 0.9331519930770442 0.01944283047321029 0.01938541580325648
3 0.06762910848390527 0.9775392232149527 0.019442830473210274 0.01938541580325648
12 0.09427051843609814 0.9244039282745474 0.028906761548491387 0.028794953332179317
3 0.08131141695623625 0.8981630795244583 0.019442830473210285 0.01938541580325648
3 0.09629267876454804 0.8799326100035317 0.01944283047321029 0.01938541580325648
3 0.11066776234940212 0.8607962786430561 0.01944283047321029 0.01938541580325648
3 0.1592486171150837 0.8461892564803261 0.01944283047321029 0.01938541580325648
3 0.18176380827208408 0.8371306380848346 0.01944283047321029 0.01938541580325648
3 0.14418075841770656 0.8226368486520482 0.01944283047321029 0.01938541580325648
3 0.15691050111031832 0.8063313355401637 0.01944283047321029 0.01938541580325648
3 0.17401458269791273 0.7876217079671392 0.017795097586606374 0.017747703319400614
3 0.23601795526872912 0.7524063289546659 0.017795097586606374 0.017747703319400614
3 0.24373921712740715 0.7594587062565167 0.020465023708794376 0.020401392747359068
3 0.29627117482718474 0.6974171690323766 0.019424817526512258 0.019367512399180383
3 0.3004205513636417 0.6737552651542431 0.019424817526512258 0.019367512399180383
3 0.2819788778682771 0.6776737970066727 0.019424817526512258 0.019367512399180383
3 0.04006179879229712 0.9924798268744841 0.011966550293367626 0.011954601329092611
3 0.036002544157529785 0.9522515844525583 0.012637873894949352 0.008567788868250546
3 0.5231983822764291 0.6420414213458363 0.005984596470140565 0.020885424667529774
3 0.522852600898391 0.6667583145688547 0.005984596470140565 0.020885424667529774
3 0.5361075537231843 0.6833367185599036 0.005984596470140565 0.020885424667529774
3 0.5236594241138132 0.6922287716096482 0.005984596470140565 0.020885424667529774
3 0.5358770328044921 0.7135546276526793 0.005984596470140555 0.024954669283514228
3 0.5361075537231823 0.7485199887974363 0.005984596470140546 0.023447541647965153
3 0.5358770328044903 0.7735383075475646 0.005984596470140546 0.023447541647965153
3 0.5361075537231823 0.8005158922239078 0.005984596470140546 0.023447541647965153
3 0.563078501210153 0.7935831051003784 0.005984596470140546 0.023447541647965153
3 0.5723222419886091 0.7891109880811061 0.010936245626212865 0.02418769506009596
3 0.5807978098908768 0.7843440347116157 0.008623477465199585 0.02397763044556342
3 0.5935159337268054 0.7836228509079026 0.011334756233171817 0.014554483892257792
3 0.6034283332305639 0.7771422020750381 0.011334756233171817 0.014554483892257792
3 0.6111507840067478 0.7727715319319434 0.011334756233171817 0.014554483892257792
3 0.5831190369873482 0.8213254781346386 0.020864231746267878 0.013046056749635966
3 0.6003358293741587 0.8119980367182379 0.0207524815499643 0.01378848433004208
3 0.6605121154206667 0.7757092300099327 0.018472213513550172 0.01839062480019777
3 0.6844821997996577 0.7466537798693511 0.016280139222052414 0.016216419659364475
3 0.6729561538650547 0.761875768988405 0.016280139222052414 0.016216419659364475
3 0.6951449583034492 0.7306004759644922 0.016252704456483684 0.018690723800239083
3 0.6880216737227225 0.6719726055733685 0.019189658435673777 0.018913322885176456
3 0.6829638818745152 0.6819677819078988 0.01839230545412619 0.01964699301095834
3 0.6767398170698296 0.690407696666978 0.01839230545412619 0.01964699301095834
3 0.6723347067186702 0.7003756005940486 0.016555781491489084 0.017578737386073157
3 0.738148429005253 0.7020334409931535 0.016555781491489084 0.017578737386073157
3 0.7290776576430181 0.7238521884103395 0.017029444025211546 0.017164091690955275
3 0.7419868290897734 0.7419377200369383 0.017029444025211546 0.017164091690955275
3 0.7491329775692273 0.7178236778681399 0.017029444025211546 0.017164091690955275
3 0.7606590235038303 0.7345527946227439 0.017029444025211546 0.017164091690955275
3 0.7719545485197411 0.7493226454511328 0.017029444025211546 0.017164091690955275
3 0.7544349586991446 0.7573104219195474 0.017029444025211546 0.017164091690955275
3 0.7649236604996332 0.7737381131470414 0.017029444025211546 0.017164091690955275
3 0.7789854365398486 0.7922757830643051 0.017029444025211546 0.017164091690955275
3 0.7847484595071501 0.766353187732847 0.017029444025211546 0.017164091690955275
3 0.8044688399027516 0.7940148190862608 0.018376365822013553 0.018532185045097266
3 0.7955937845331073 0.8128539145306348 0.018376365822013553 0.018532185045097266
3 0.8546149624921449 0.8191757113665514 0.01922014663401768 0.017562277983636534
3 0.8138127598836508 0.8642388276694933 0.01922014663401768 0.017562277983636534
3 0.8718902999080232 0.8186808449627765 0.011111859035663087 0.02098154214226156
3 0.8712112076835278 0.880621187258447 0.01855297034564245 0.0183548892481366
3 0.8883850161260861 0.9050366549543554 0.01855297034564245 0.0183548892481366
3 0.9010939135175237 0.9242065340690282 0.020457631421928964 0.020222158697172574
3 0.9142336058829709 0.9838887884368042 0.020457631421928964 0.020222158697172574
3 0.923539200900855 0.9955210043903772 0.008967901665430418 0.008957991219239432
3 0.9033564053094892 0.7819069306553588 0.011111859035663087 0.02098154214226156
3 0.9156593452038132 0.7657528317015132 0.008588893151368212 0.020728708416612278
3 0.9237637672803531 0.7550214637871432 0.009231072325764842 0.020827559248662055
3 0.9318165089313544 0.7466203636582769 0.008419643073168288 0.020699006963438082
3 0.9379253132766939 0.7401397148254125 0.008419643073168288 0.020699006963438082
3 0.9470308895650301 0.7277812682139033 0.008419643073168288 0.020699006963438082
3 0.9569255061996418 0.7156276467090982 0.010418450272205747 0.0209495443304732
3 0.9709087965629358 0.7019689569813045 0.007960467404650728 0.015286432196308226
3 0.7391732544241901 0.6492192690651669 0.01721595646210318 0.024871115017733345
3 0.7047035962143064 0.6288895577508317 0.017328381130861034 0.012645080991043046
3 0.7074145885619635 0.619669673112237 0.01742019143309136 0.01178241257844931
3 0.7098453793972327 0.6106640310841821 0.01832982227391625 0.01215808567604782
3 0.7161847046612644 0.6028269673793226 0.01832982227391625 0.01215808567604782
3 0.7177983510921088 0.5922770739304732 0.01832982227391625 0.01215808567604782
3 0.7477328279888309 0.6241739338567107 0.013153713503254495 0.022022949570479823
3 0.7534958509561324 0.6009641682692424 0.013153713503254495 0.022022949570479823
3 0.7577052273196222 0.578751709095008 0.00954589425560215 0.019944235029618226
3 0.7610971534394316 0.555000702139524 0.009875160771842105 0.02162956881986915
3 0.762958416925339 0.532971617274371 0.007268397436300802 0.01951353712210505
3 0.7628388679019282 0.5062466115072982 0.0062650636830946385 0.01923786444545513
3 0.7270318425051201 0.5101434587583437 0.019771035287112115 0.008442012198199365
3 0.726570800667736 0.5001964163637144 0.019771035287112115 0.008442012198199365
3 0.7257639774523138 0.5220497670791878 0.019771035287112115 0.008442012198199365
3 0.7254005335370534 0.49069429551149646 0.01937308807157848 0.006734830207888791
3 0.7254005335370535 0.4801444020626473 0.01937308807157848 0.006734830207888791
3 0.7252862364936102 0.46929347672945504 0.019422691111278142 0.006917225614690778
3 0.7251709760342642 0.4596478598619357 0.019422691111278142 0.006917225614690778
3 0.7237114917553032 0.4491138612824408 0.019943303473658316 0.009538438483926229
3 0.7450988731283057 0.46526630282179404 0.008503161765983123 0.019782434895130763
3 0.7419196062110228 0.43625488647196115 0.009968611618214994 0.019991505584956003
3 0.7235041185889499 0.43781986197188993 0.02002617169932222 0.010371970864444933
3 0.7209683884833373 0.42832495786792557 0.02002617169932222 0.010371970864444933
3 0.7197540052011975 0.41669483287721987 0.019434681436123355 0.006962245153657847
3 0.7160656705021248 0.4061449394283706 0.019434681436123355 0.006962245153657847
3 0.7359215867072834 0.408173389404498 0.010907293362570271 0.02005568431542187
3 0.7443356002395433 0.4013913150445235 0.010907293362570271 0.02005568431542187
3 0.7350581011647934 0.37440332094063883 0.013323457070543157 0.02131929778991932
3 0.7269413979022894 0.3823114559433193 0.012584852110392149 0.020013039400859186
3 0.7083181296931983 0.377989065728243 0.01896949208543816 0.016177234888832714
1 0.9451114606473451 0.1430080888802334 0.12589885489599395 0.12618094994290627
3 0.5898681083954272 0.18778261679070837 0.016678646688515358 0.011756719937372324
3 0.5745269412564709 0.17975866925904072 0.016678646688515358 0.011756719937372324
3 0.5897920790421796 0.2263721414601945 0.015445078441671568 0.015996732758978567
3 0.5700303469617409 0.21703915759450507 0.012361110072836539 0.012600882961950787
1 0.62893515229865 0.08597737443407126 0.09627010625383946 0.0961232183688417
1 0.711990049263131 0.08204215109417355 0.12448856169290622 0.108762484102243
1 0.6797954832901638 0.08199915311490524 0.12448856169290615 0.108762484102243
3 0.04413367075666231 0.15182783977344633 0.02186986261925778 0.018961983105513516
3 0.17704694476443528 0.21199345783396809 0.01392324551690848 0.02010324962257407
3 0.010344812124786445 0.06548830774961266 0.019118473599834703 0.018152331738197205
3 0.004993952788764842 0.08919248073163492 0.012431312324942833 0.012902845820205329
3 0.00499395278876482 0.10066672570191973 0.012431312324942833 0.012902845820205329
3 0.00499395278876482 0.11258228778644618 0.012431312324942833 0.012902845820205329
3 0.00499395278876482 0.12383587419961009 0.012431312324942833 0.012902845820205329
3 0.22752419800828144 0.5346311030927379 0.011991417461993094 0.018781072183557512
3 0.23764936831999275 0.5311005661788042 0.011991417461993094 0.018781072183557512
3 0.24153068360614874 0.5516218119910444 0.011991417461993094 0.018781072183557512
3 0.24524324605377623 0.5688331794464716 0.011991417461993094 0.018781072183557512
3 0.25216211243344555 0.5231568581224532 0.011991417461993094 0.018781072183557512
3 0.2204857326840065 0.4984159954571767 0.00840155779410523 0.01788550115306819
3 0.21230508943878335 0.49235567999303975 0.007869689118423792 0.02032220073332326
3 0.24917371523385504 0.4975333612286932 0.00840155779410523 0.01788550115306819
3 0.24945777018797383 0.47569691389602076 0.009303337677691773 0.0181847955026457
3 0.2366696486691705 0.43344204548671583 0.00760566283806483 0.017585945121455494
3 0.22873826525833008 0.43719324095777046 0.00760566283806483 0.017585945121455494
3 0.2211443875245466 0.4407237778717042 0.00760566283806483 0.017585945121455494
3 0.21371926262929172 0.44204772921442936 0.00760566283806483 0.017585945121455494
3 0.2044378565102231 0.44182707065730853 0.00760566283806483 0.017585945121455494
3 0.19195014645911254 0.43962048508609997 0.00760566283806483 0.017585945121455494
3 0.18351250453268653 0.4416064121001878 0.00760566283806483 0.017585945121455494
3 0.175243615444789 0.44138575354306697 0.00760566283806483 0.017585945121455494
3 0.16494969229454923 0.441385753543067 0.00760566283806483 0.017585945121455494
3 0.20342533947905206 0.5104518819218965 0.00760566283806483 0.017585945121455494
3 0.1951564503911546 0.5126584674931053 0.00760566283806483 0.017585945121455494
3 0.20190656393229542 0.4910339288952608 0.00760566283806483 0.017585945121455494
3 0.25556229963331545 0.4298055139392234 0.008828875657472465 0.010324840855054447
3 0.11940747672932923 0.5362860138480655 0.017690259470588787 0.00787337550577746
3 0.05916271337464729 0.533858769719736 0.017690259470588766 0.00787337550577746
3 0.10674603005659307 0.4826576124941532 0.0074700733752909795 0.017531772086284717
3 0.15028426239695145 0.48486419806536174 0.0074700733752909795 0.017531772086284717
3 0.0630390448777062 0.5093572979057772 0.007470073375290989 0.017531772086284717
3 0.0459950081863256 0.5069300537774476 0.007470073375290989 0.017531772086284717
3 0.0783955531838016 0.4354366812702887 0.0074700733752909795 0.017531772086284717
3 0.0709704282885467 0.43830524251285985 0.007470073375290989 0.017531772086284717
3 0.06000149378419284 0.4389672181842224 0.0074700733752909795 0.017531772086284717
3 0.05173260469629534 0.4389672181842224 0.007470073375290989 0.017531772086284717
3 0.04312620993134079 0.4396291938555851 0.007470073375290984 0.017531772086284717
3 0.09948965799986674 0.442939072212398 0.0074700733752909795 0.017531772086284717
3 0.10961482831157801 0.43918787674134335 0.0074700733752909795 0.017531772086284717
3 0.1183899759150611 0.4402911695269476 0.0074700733752909795 0.017531772086284717
3 0.1450529244025674 0.44271841365527714 0.0074700733752909795 0.017531772086284717
3 0.15551560039133572 0.44249775509815625 0.0074700733752909795 0.017531772086284717
3 0.008041240487372894 0.4733990298336586 0.0074388314353620415 0.015307033037913982
3 0.12568049222316047 0.47913124414526415 0.007401784872545072 0.012668946699537855
3 0.3907164968623895 0.7702335539143416 0.019424817526512327 0.019367512399180383
3 0.3974666104035304 0.7766326520708466 0.019424817526512327 0.019367512399180383
3 0.4060730051684851 0.7812664817703847 0.019424817526512327 0.019367512399180383
3 0.4070175725994833 0.8176349701587418 0.021549546371348923 0.013126266537966558
1 0.10733172337536295 0.8002810253057677 0.21466344675072577 0.20901786341777664
1 0.5765190066245847 0.9542127080189257 0.045681176260666236 0.09157458396214395
1 0.12142668519977627 0.09027228166804821 0.1018650536852535 0.13475804583299414
