1 0.395726950108946 0.5151145710111055 0.10938793742848915 0.2071802172741789
1 0.2879476588191111 0.40157096439109297 0.09812741445790937 0.18801051745521577
1 0.44760578808054563 0.3366889034653714 0.038607507327702066 0.14082356405469093
1 0.6034433827626762 0.4450714370572017 0.12507223728036793 0.17621377910508457
1 0.7725523080887043 0.29245113465237954 0.028955630495776603 0.0803652800102687
1 0.827246276802949 0.3200997401604995 0.06354152247684283 0.08847553762598387
1 0.8588159572740388 0.26406523299737644 0.02694482282245872 0.07225502239455345
1 0.8439359804914869 0.40710068549271694 0.06394368401150644 0.07372961468831982
1 0.7098151086811886 0.26701441758490924 0.013673492178561161 0.0545599148693567
1 0.7005653933839266 0.32526081318868194 0.012869169109234094 0.058983691750655896
1 0.6750281359327905 0.32341757282147393 0.030966438169094345 0.04792424954740784
1 0.6490887169469906 0.28360358088978116 0.019303753663850926 0.11723008735442864
1 0.572476944593582 0.22609448143289168 0.04463993034765558 0.08626364918533426
1 0.5642326331329788 0.3123581306182259 0.0402161534663562 0.05529721101623991
1 0.5197937835526552 0.388668281820637 0.034183730446402764 0.06635665321948786
1 0.48922950691822437 0.2795484520819235 0.020510238267841742 0.16957811378313575
1 0.5081310990474118 0.2419463485908804 0.020510238267841742 0.1754764829582013
1 0.4486111919172012 0.1604751243602867 0.04946586876361805 0.1939088866302808
1 0.3890912847869971 0.26922630602555875 0.05509613024890818 0.20201914424599643
1 0.33821785065205645 0.19733993170444683 0.04102047653568338 0.1850613328676828
1 0.2959908895123823 0.19807722785133008 0.04825938415962753 0.1599932638736542
1 0.1737337829746592 0.41742283154908166 0.11180090663647045 0.053085322575590295
1 0.2620082398333113 0.7363034150760651 0.328565973820131 0.10985712588559665
1 0.4900338299875515 0.7536298745278203 0.12024629886440535 0.09142472221351668
3 0.18418998287591182 0.9502325100853841 0.01447781524788823 0.016957811378313606
3 0.06012314943220266 0.9793557078872703 0.014879976782551844 0.01769510752519679
3 0.01910267289651924 0.9741946348590881 0.010054038366589075 0.013271330643897414
3 0.11562144121577435 0.8311591823637474 0.011662684505243312 0.013271330643897414
3 0.05067235336760893 0.7942943750195876 0.004825938415962758 0.004423776881299091
4 0.11441495661178365 0.9181601276959648 0.026944822822458702 0.035390215050393435
4 0.13653384101827962 0.8565958994312177 0.03337940737707573 0.03317832660974389
4 0.7916803250442743 0.5985422480220983 0.06997610703145994 0.01105944220324794
3 0.7460369771336943 0.7396946568221843 0.004825938415962696 0.010322146056364829
3 0.7252781256337708 0.7347612260644867 0.004825938415962696 0.010322146056364829
3 0.7357856924423742 0.7143227272111671 0.004825938415962696 0.010322146056364829
3 0.7270721004547525 0.7044558656957715 0.004825938415962696 0.010322146056364829
3 0.7728184583897694 0.7115036239210543 0.004825938415962696 0.010322146056364829
3 0.7705119193342224 0.6901254239710302 0.004825938415962696 0.010322146056364829
3 0.7931928867137685 0.6828427404715716 0.004825938415962696 0.010322146056364829
3 0.806775838929768 0.6633439427149561 0.004825938415962696 0.010322146056364829
3 0.7833260251983729 0.6391466394748191 0.004825938415962696 0.010322146056364829
3 0.7737154458002605 0.6501881273610954 0.004825938415962696 0.010322146056364829
3 0.7585948008805633 0.6365624614588823 0.004825938415962696 0.010322146056364829
3 0.7466776824269036 0.6262257493951345 0.004825938415962696 0.010322146056364829
3 0.7461651181923378 0.6438451449583414 0.004825938415962696 0.010322146056364829
3 0.7460369771336965 0.6616994657957243 0.004825938415962696 0.010322146056364829
3 0.7382203725565649 0.6476039493451592 0.004825938415962696 0.010322146056364829
3 0.7389892189084141 0.6306893296044808 0.004825938415962696 0.010322146056364829
3 0.729763062686226 0.6452546966033985 0.004825938415962696 0.010322146056364829
3 0.826893985136484 0.7277134678392047 0.004825938415962696 0.010322146056364829
3 0.7430897327849415 0.5846439758659671 0.004825938415962696 0.010322146056364829
3 0.7461651181923378 0.5710183099637538 0.004825938415962696 0.010322146056364829
3 0.7605169167601862 0.5705484594154018 0.004825938415962696 0.010322146056364829
3 0.7661551233404127 0.5747771143505715 0.004825938415962696 0.010322146056364829
3 0.7724340352138465 0.5820597978500305 0.004825938415962696 0.010322146056364829
3 0.7793536523804877 0.5627959253675912 0.004825938415962696 0.010322146056364829
3 0.7728184583897711 0.5538687649488999 0.004825938415962696 0.010322146056364829
3 0.7669239696922621 0.5505798111104349 0.004825938415962696 0.010322146056364829
3 0.7617983273466024 0.5569227935131894 0.004825938415962696 0.010322146056364829
3 0.7819164735533185 0.545411455078561 0.004825938415962696 0.010322146056364829
3 0.793449168831054 0.5458813056269133 0.004825938415962696 0.010322146056364829
3 0.7553912744145278 0.5397732484983354 0.004825938415962696 0.010322146056364829
3 0.7493686446583772 0.545881305626914 0.004825938415962696 0.010322146056364829
3 0.7501374910102261 0.5350747430148138 0.004825938415962696 0.010322146056364829
3 0.7459088360750569 0.5303762375312919 0.004825938415962696 0.010322146056364829
3 0.7437304380781515 0.5484654836428507 0.004825938415962696 0.010322146056364829
3 0.741295757963963 0.561621298996712 0.004825938415962696 0.010322146056364829
3 0.7248937024578506 0.595685463752245 0.004825938415962696 0.010322146056364829
3 0.7291223573930203 0.5844090505917928 0.004825938415962696 0.010322146056364829
3 0.716820815763436 0.6175335142506215 0.004825938415962696 0.010322146056364829
3 0.7120795965937006 0.6093111296544582 0.004825938415962696 0.010322146056364829
3 0.7038785688406445 0.6116603823962194 0.004825938415962696 0.010322146056364829
3 0.7041348509579275 0.6555914086671482 0.004825938415962696 0.010322146056364829
3 0.7102856217727199 0.594745762655541 0.004825938415962696 0.010322146056364829
3 0.7142579945906067 0.5811200967533281 0.004825938415962696 0.010322146056364829
3 0.7214338938745312 0.5829994989467369 0.004825938415962696 0.010322146056364829
3 0.7243811382232859 0.572192936334637 0.004825938415962696 0.010322146056364829
3 0.7279690878652483 0.5616212989967131 0.004825938415962696 0.010322146056364829
3 0.7314288964485688 0.5440019034335064 0.004825938415962696 0.010322146056364829
3 0.7329665891522669 0.5334302660955825 0.004825938415962696 0.010322146056364829
3 0.7277128057479655 0.5284968353378848 0.004825938415962696 0.010322146056364829
3 0.7507781963034361 0.5186299738224893 0.004825938415962696 0.010322146056364829
3 0.697087092732645 0.652537380102859 0.004825938415962696 0.010322146056364829
3 0.6931147199147587 0.6616994657957265 0.004825938415962696 0.010322146056364829
3 0.689142347096872 0.6541818570220919 0.004825938415962696 0.010322146056364829
3 0.6938835662666075 0.6868364701325682 0.004825938415962696 0.010322146056364829
3 0.687092090158608 0.6746203558754117 0.004825938415962696 0.010322146056364829
3 0.6919614503869851 0.6990525843897251 0.004825938415962696 0.010322146056364829
3 0.6832478583993629 0.6882460217776252 0.004825938415962696 0.010322146056364829
3 0.67876292134691 0.7009319865831342 0.004825938415962696 0.010322146056364829
3 0.6881172186277398 0.7072749689858887 0.004825938415962696 0.010322146056364829
3 0.682607153106155 0.715732278856228 0.004825938415962696 0.010322146056364829
3 0.652237722208119 0.7829209072705895 0.004825938415962696 0.010322146056364829
3 0.676456382291363 0.7122083997435869 0.004825938415962696 0.010322146056364829
3 0.6717151631216274 0.726303916194152 0.004825938415962696 0.010322146056364829
3 0.6587729161988355 0.7620125578689176 0.004825938415962696 0.010322146056364829
3 0.6563382360846468 0.810877014897544 0.004825938415962696 0.010322146056364829
3 0.6449336818655531 0.8042991072206138 0.004825938415962696 0.010322146056364829
3 0.6386547699921197 0.8306107379283358 0.004825938415962696 0.010322146056364829
3 0.6439085533964216 0.8517540126041838 0.004825938415962696 0.010322146056364829
3 0.6318632938841204 0.8515190873300079 0.004825938415962696 0.010322146056364829
3 0.6390391931680449 0.8768910169410256 0.004825938415962696 0.010322146056364829
3 0.6232778429551401 0.8766560916668498 0.004825938415962696 0.010322146056364829
3 0.619433611195895 0.8977993663426977 0.004825938415962696 0.010322146056364829
3 0.63263214023597 0.9109551816965588 0.004825938415962696 0.010322146056364829
4 0.6410876019374365 0.7430103671348559 0.05228155192573311 0.02161312522420019
3 0.6130756504963579 0.9242336378505622 0.0097110487325304 0.020311536938576184
3 0.608650222472603 0.9732378775002752 0.0097110487325304 0.020311536938576184
3 0.6269446877072711 0.9801529980524183 0.005700797103057767 0.019929064682493447
3 0.7363520376938575 0.8899246028774269 0.008551092049245597 0.02005624770614162
3 0.7487432361603714 0.9454194702953137 0.008551092049245597 0.02005624770614162
3 0.8328970880473088 0.7976856860567557 0.014033897344577611 0.02184420894803509
4 0.9387912079574509 0.8793701989965663 0.02604700184368369 0.012815656830130423
3 0.9381114427590279 0.924452426694263 0.025319590461643882 0.017301315184181477
3 0.9805955517870754 0.9864084190268322 0.025319590461643882 0.017301315184181477
4 0.9581175129926025 0.9765830813968546 0.019228463334609387 0.010845547616901286
1 0.9341512793000581 0.5366072968081101 0.1316974413998871 0.1549410250917451
